objid,ra,dec,u,g,r,i,z,run,rerun,camcol,field,specobjid,class,redshift,plate,mjd,fiberid
1237648675071197670,248.9379162,0.776974342,16.98021,15.71432,15.50255,15.45817,15.40867,745,301,5,602,391960530174109696,STAR,-0.000412555,348,51671,536
1237648675071263322,248.9820697,0.737617167,19.54016,17.90658,17.25911,17.01049,16.87026,745,301,5,603,391960255296202752,STAR,-0.00011924,348,51671,535
1237648675071459657,249.501515,0.788275925,18.44934,18.81615,19.27639,19.58418,19.78734,745,301,5,606,391972349924108288,STAR,-0.000313217,348,51671,579
1237648675071525071,249.6161725,0.811166517,18.27879,16.85334,16.2823,16.07612,16.00043,745,301,5,607,391981695772944384,STAR,8.761073E-05,348,51671,613
1237648675071525222,249.6798827,0.798560673,19.5635,18.33654,17.72666,17.37551,17.21048,745,301,5,607,391981420895037440,GALAXY,0.1026237,348,51671,612
1237648675071590548,249.7235743,0.811281969,18.46135,16.32994,15.56006,15.33107,15.21756,745,301,5,608,391979771627595776,STAR,6.71668E-05,348,51671,606
1237648675071590684,249.7583133,0.83132372,19.04569,16.73251,15.79382,15.43086,15.21293,745,301,5,608,391978672115968000,STAR,-1.36E-05,348,51671,602
1237648675603087545,237.566178,1.211418569,18.39806,16.82707,16.15164,15.87068,15.70315,745,301,6,526,385213652283713536,STAR,-0.000190514,342,51691,567
1237648675603087714,237.5282359,1.17246818,19.3612,17.4784,16.80899,16.57395,16.45595,745,301,6,526,385213927161620480,STAR,-7.38E-05,342,51691,568
1237648675603153235,237.6494806,1.129968543,19.40331,18.21209,17.63813,17.21235,17.00459,745,301,6,527,385213377405806592,GALAXY,0.08897925,342,51691,566
1237648702967316573,185.3010802,-1.115060028,19.27254,18.06012,17.47485,17.14241,16.91897,752,301,1,279,324270751597225984,GALAXY,0.1086603,288,52000,42
1237648702967316528,185.3755664,-1.116272375,17.27085,16.35222,16.06819,15.98103,15.95781,752,301,1,279,2880118276736706560,STAR,0.000286916,2558,54140,241
1237648702967316514,185.3153584,-1.228708193,17.86673,16.70224,16.28561,16.13842,16.07762,752,301,1,279,2880130921120425984,STAR,3.458911E-05,2558,54140,287
1237648702967316510,185.3119258,-1.169901677,17.42006,16.41083,16.05819,15.93827,15.88165,752,301,1,279,2891388271139514368,STAR,0.000161151,2568,54153,281
1237648702967251093,185.2106114,-1.103295194,19.33946,17.54367,16.46906,16.02215,15.67555,752,301,1,278,324270476719319040,GALAXY,0.1326728,288,52000,41
1237648702967251083,185.1901025,-1.103407148,19.58956,17.802,17.0892,16.86734,16.72746,752,301,1,278,2880130096486705152,STAR,-3.77E-05,2558,54140,284
1237648702967250946,185.1155257,-1.157698852,18.93968,18.06637,17.73665,17.63644,17.58556,752,301,1,278,4330258410090289152,STAR,0.001041499,3846,55327,172
1237648702967119996,184.9442586,-1.19994139,18.24933,17.00582,16.33551,15.91403,15.63367,752,301,1,276,324314457184430080,GALAXY,0.08496574,288,52000,201
1237648702967119973,184.8641639,-1.236754384,19.21148,18.30171,18.01249,17.8973,17.8553,752,301,1,276,4252753833485424640,STAR,-0.000135229,3777,55210,836
1237648702966988950,184.6059357,-1.216355771,17.61754,16.43764,16.53951,16.6374,16.75182,752,301,1,274,324316106451871744,STAR,0.000414005,288,52000,207
1237648702966988820,184.5356433,-1.064112908,16.20415,14.48584,13.77155,13.41108,13.17842,752,301,1,274,324329850347218944,GALAXY,0.01902536,288,52000,257
1237648702966857828,184.2996669,-1.069698165,19.33407,18.19381,17.72419,17.549,17.46851,752,301,1,272,3722226548988813312,STAR,0.00058224,3306,54922,5
1237648702966792419,184.0773164,-1.069231758,18.79201,17.71587,17.31064,17.09239,16.98464,752,301,1,271,323147051099514880,GALAXY,0.03146952,287,52023,50
1237648702966726705,183.9820896,-1.246031107,19.06868,17.96508,17.49677,17.30542,17.27109,752,301,1,270,3722226823866720256,STAR,0.000606571,3306,54922,6
1237648702966726694,183.9642383,-1.206955336,17.77141,16.57381,16.08228,15.87215,15.79038,752,301,1,270,3722227923378348032,STAR,0.000205683,3306,54922,10
1237648702966726680,183.9431011,-1.2276926,18.87007,17.03356,16.25884,15.90507,15.71206,752,301,1,270,3722229297767882752,STAR,-5.02E-05,3306,54922,15
1237648702966595749,183.7588146,-1.142295897,19.50271,18.76049,18.65779,18.51935,18.24256,752,301,1,268,4252696109124966400,QSO,2.352051,3777,55210,626
1237648702966595724,183.7238131,-1.064790446,19.46423,18.04963,17.51959,17.27666,17.179,752,301,1,268,363677241877489664,STAR,2.311568E-05,323,51615,42
1237648702966595665,183.7301546,-1.120149586,18.39118,17.12011,17.20391,17.26423,17.32476,752,301,1,268,3722238368738811904,STAR,0.000303277,3306,54922,48
1237648702966595654,183.7079101,-1.212500542,18.71876,18.2819,18.26961,18.2414,18.19143,752,301,1,268,364806166296946688,QSO,0.6705019,324,51666,53
1237648702966595652,183.7044912,-1.178359057,19.00703,17.37258,16.68719,16.40405,16.24372,752,301,1,268,363680265534466048,STAR,0.000497854,323,51615,53
1237648702966595650,183.7028387,-1.077135779,17.85999,16.54563,16.05583,15.8433,15.74548,752,301,1,268,3722238918494625792,STAR,0.000239521,3306,54922,50
1237648702966530336,183.6126506,-1.124097754,19.26156,18.13403,17.31124,16.86835,16.58677,752,301,1,267,323156122070444032,GALAXY,0.1780877,287,52023,83
1237648702966530181,183.5695192,-1.105243624,19.12726,17.9419,17.4106,17.19551,17.08873,752,301,1,267,3722250738244624384,STAR,0.00138471,3306,54922,93
1237648702966399088,183.2930157,-1.19554066,19.4189,19.26654,18.84102,18.86815,18.98317,752,301,1,265,323193780343695360,QSO,1.131862,287,52023,220
1237648702966399072,183.2498003,-1.116653049,19.15237,17.99284,17.60832,17.47534,17.43415,752,301,1,265,363688511871674368,STAR,0.000209867,323,51615,83
1237648702966399012,183.2391588,-1.062697246,17.40384,16.44162,16.23563,16.186,16.21599,752,301,1,265,3722261458482995200,STAR,0.000222329,3306,54922,132
1237648702967447665,185.6425936,-1.169813388,18.91379,17.85946,17.43954,17.11021,16.91123,752,301,1,281,324260031358855168,GALAXY,0.06181338,288,52000,3
1237648702967447657,185.6353504,-1.20989666,18.18849,17.00276,16.55171,16.30584,16.21456,752,301,1,281,324260581114669056,GALAXY,0.04931947,288,52000,5
1237648702967447590,185.6775385,-1.24397619,17.12088,15.43128,14.82004,14.63519,14.54498,752,301,1,281,2880122949661124608,STAR,-0.00011085,2558,54140,258
1237648702967447565,185.5785861,-1.050556696,18.52118,17.25332,16.69353,16.49101,16.38326,752,301,1,281,2880120475759962112,STAR,0.000168947,2558,54140,249
1237648702967447669,185.6514316,-1.159199295,19.4645,18.60497,18.27797,18.13622,18.02374,752,301,1,281,4252785719322630144,STAR,0.000261873,3777,55210,952
1237648702967447679,185.686642,-1.137038291,19.03165,17.2688,16.4058,16.00439,15.67268,752,301,1,281,324260306236762112,GALAXY,0.06637767,288,52000,4
1237648702967447690,185.7078771,-1.110030513,19.1993,18.27246,17.78881,17.51302,17.33675,752,301,1,281,324262505260017664,GALAXY,0.1460524,288,52000,12
1237648702967513092,185.7264517,-1.14724126,18.82508,17.86928,17.5745,17.4378,17.3858,752,301,1,282,2880109755521591296,STAR,0.000372674,2558,54140,210
1237648702967513112,185.7608342,-1.162937821,16.75213,15.18637,14.56197,14.30565,14.19831,752,301,1,282,2880110030399498240,STAR,0.000138798,2558,54140,211
1237648702967513128,185.7945932,-1.189711168,18.04553,16.80758,16.32698,16.14119,16.06524,752,301,1,282,2880109480643684352,STAR,0.000152768,2558,54140,209
1237648702967513142,185.8189787,-1.164286018,17.5515,16.5844,16.20872,16.05169,15.99892,752,301,1,282,2891367655296493568,STAR,0.00076811,2568,54153,206
1237648702967513158,185.7162004,-1.241269358,19.35375,18.41722,18.13926,18.03457,17.99099,752,301,1,282,2891382498703468544,STAR,0.000405154,2568,54153,260
1237648702967185571,185.0987977,-1.135486396,19.35455,17.83797,17.03366,16.61604,16.34077,752,301,1,277,324285595004200960,GALAXY,0.1188491,288,52000,96
1237646381542606068,94.5030469,0.475851472,18.96574,17.49392,16.80027,16.5846,16.32055,211,301,5,357,1417553661621463040,STAR,2.155267E-05,1259,52931,166
1237646381542606175,94.51335469,0.566978918,18.8781,17.18946,16.36462,16.03709,15.80739,211,301,5,357,1417555036010997760,STAR,0.000102055,1259,52931,171
1237646381542670881,94.59731098,0.5008192,18.80745,17.31809,17.08153,17.01195,16.92199,211,301,5,358,1417555585766811648,STAR,0.000251916,1259,52931,173
1237646381542671295,94.66229345,0.559812995,17.9974,16.56571,16.34072,16.27827,16.17252,211,301,5,358,1417551462598207488,STAR,0.000176504,1259,52931,158
1237646381542671504,94.53828779,0.581610869,19.4468,17.49869,16.64163,16.32379,16.10441,211,301,5,358,1417555310888904704,STAR,0.00015113,1259,52931,172
1237646381542736528,94.75659566,0.545980639,18.39291,16.89005,16.64779,16.57342,16.45864,211,301,5,359,1417551737476114432,STAR,0.000184656,1259,52931,159
1237646381542736533,94.75952303,0.489206289,17.41394,15.82041,15.54785,15.44004,15.32297,211,301,5,359,1417549263574951936,STAR,0.000154103,1259,52931,150
1237646381542736734,94.78157627,0.469236414,17.92325,16.08336,15.24429,14.97743,14.68391,211,301,5,359,1417551187720300544,STAR,0.000165467,1259,52931,157
1237646381542736879,94.80144598,0.480031064,18.00599,16.59239,15.96268,15.68571,15.48704,211,301,5,359,1417548713819138048,STAR,0.000248549,1259,52931,148
1237646381542737163,94.68555372,0.597225491,19.17918,17.62022,16.81505,16.45292,16.17883,211,301,5,359,1417547889185417216,STAR,0.000198203,1259,52931,145
1237646381542801444,94.82660781,0.511579298,17.24014,15.74588,15.49622,15.42726,15.36728,211,301,5,360,1417552012354021376,STAR,0.000153377,1259,52931,160
1237646381542801759,94.88321239,0.528810616,19.06549,17.41749,17.04866,16.9136,16.79453,211,301,5,360,1417550088208672768,STAR,0.000161408,1259,52931,153
1237646381542802267,94.95027439,0.490993466,18.60203,17.0015,16.70114,16.58815,16.47389,211,301,5,360,1417541292115650560,STAR,0.000191419,1259,52931,121
1237646381542802123,94.9372491,0.426849838,16.83226,15.54497,15.32333,15.29553,15.22289,211,301,5,360,1417550363086579712,STAR,6.809406E-05,1259,52931,154
1237646586100318755,82.67747226,-0.601515653,19.42872,17.67688,16.75712,16.30523,16.02833,259,301,2,508,2310421432691091456,STAR,0.000125828,2052,53401,272
1237646586100318579,82.75147789,-0.619038574,18.41981,17.11279,16.5295,16.25244,16.10431,259,301,2,508,2310409887818999808,STAR,3.383154E-05,2052,53401,230
1237646586100318560,82.74857571,-0.477925539,18.85306,16.75453,15.80199,15.38145,15.18048,259,301,2,508,2310409612941092864,STAR,6.473744E-05,2052,53401,229
1237646586099990569,81.88216649,-0.603347412,17.83624,16.61213,16.35788,16.27118,16.28676,259,301,2,503,2310429953906206720,STAR,0.000222987,2052,53401,303
1237646585563840555,83.55350999,-1.005593974,16.84814,15.45056,14.84045,14.57015,14.44254,259,301,1,514,2310362333941098496,STAR,0.00014794,2052,53401,57
1237646585563775441,83.48451277,-0.852578339,19.17518,17.40466,16.63892,16.28806,16.08584,259,301,1,513,2310360409795749888,STAR,0.000273424,2052,53401,50
1237646585563644094,83.12599866,-0.923496333,18.17068,16.04599,15.22213,14.92224,14.7631,259,301,1,511,2310370580278306816,STAR,2.064206E-05,2052,53401,87
1237646585563643993,83.09738392,-0.840216844,18.00216,16.51429,15.85651,15.55195,15.39107,259,301,1,511,2310371130034120704,STAR,0.000158481,2052,53401,89
1237646585559187545,72.93996834,-0.946746735,18.60869,17.2593,16.75288,16.56083,16.48983,259,301,1,443,897347211522762752,STAR,0.000285046,797,52263,18
1237646549577891934,55.02161608,1.274500757,19.47332,17.17348,16.22887,15.84207,15.59702,250,301,6,276,8254176013296359424,STAR,-5.38E-05,7331,56658,741
1237646382080262656,96.29467872,0.879354529,17.75707,16.10103,15.67765,15.49004,15.32634,211,301,6,369,1417674333022611456,STAR,2.191442E-05,1259,52931,605
1237646382080262641,96.27467404,0.842180394,18.0279,16.33461,15.93053,15.75444,15.63022,211,301,6,369,1417675157656332288,STAR,0.00017429,1259,52931,608
1237646382080197278,96.12971794,0.996759246,19.06342,17.39516,16.82567,16.55591,16.39878,211,301,6,368,1417675707412146176,STAR,0.000142418,1259,52931,610
1237646382080131559,95.97277603,0.847201351,19.12568,17.28396,16.37393,15.96665,15.7325,211,301,6,367,1417664712295868416,STAR,3.883882E-05,1259,52931,570
1237646382080065674,95.73998592,0.861880416,18.01439,16.37078,15.91688,15.71746,15.55174,211,301,6,366,1417652892545869824,STAR,0.000171422,1259,52931,527
1237646382080065645,95.73140238,1.001972267,18.11789,16.60105,16.09809,15.879,15.68943,211,301,6,366,1417652342790055936,STAR,0.000323895,1259,52931,525
1237646382080001750,95.71152143,0.941153022,19.53724,17.72064,17.18238,16.93931,16.73787,211,301,6,365,1417653442301683712,STAR,0.000150417,1259,52931,529
1237646382080000516,95.69895541,0.975633624,18.94802,17.21039,16.73198,16.487,16.31816,211,301,6,365,1417651793034242048,STAR,0.000272126,1259,52931,523
1237646382080000397,95.66534099,0.880276948,18.3962,16.77513,16.34279,16.14446,15.98003,211,301,6,365,1417651243278428160,STAR,0.000216307,1259,52931,521
1237646382080000047,95.57633497,0.988936063,18.23109,16.5295,16.04592,15.82595,15.61837,211,301,6,365,1417653717179590656,STAR,0.000124007,1259,52931,530
1237646382080000028,95.57189081,0.953216651,18.65735,17.15746,16.70656,16.49734,16.32541,211,301,6,365,1417651518156335104,STAR,0.000184008,1259,52931,522
1237646382079935586,95.46069815,0.870409418,19.31363,17.59785,17.14318,16.95871,16.77838,211,301,6,364,1417642447185405952,STAR,0.000147664,1259,52931,489
1237646382079935021,95.52951638,0.970692871,18.14242,16.30503,15.76425,15.50117,15.26982,211,301,6,364,1417652067912148992,STAR,9.752477E-05,1259,52931,524
1237646382079934911,95.50218783,0.96326345,17.76895,16.28859,15.89664,15.73424,15.52795,211,301,6,364,1417653992057497600,STAR,0.000173668,1259,52931,531
1237646382079934844,95.48751035,0.925311898,18.73705,17.06851,16.68374,16.52062,16.36351,211,301,6,364,1417640248162150400,STAR,0.000131164,1259,52931,481
1237646382079934757,95.47824954,0.842532115,18.74132,17.29397,16.92432,16.83919,16.63634,211,301,6,364,1417640797917964288,STAR,0.000157831,1259,52931,483
1237646382079869702,95.41001161,0.838141218,17.91277,16.32434,15.58422,15.25003,15.03421,211,301,6,363,1417645195964475392,STAR,0.000184754,1259,52931,499
1237646382079869603,95.39234187,0.919354746,17.47349,15.74609,15.22986,15.0143,14.84528,211,301,6,363,1417643821574940672,STAR,7.752631E-05,1259,52931,494
1237646382079869104,95.29936364,0.890374688,18.72799,17.11779,16.48396,16.15507,15.94641,211,301,6,363,1417643271819126784,STAR,8.62891E-05,1259,52931,492
1237646382079869048,95.28709856,0.966918446,18.84067,17.15699,16.6308,16.37362,16.20866,211,301,6,363,1417641072795871232,STAR,7.416188E-05,1259,52931,484
1237646382079805324,95.26604852,0.940066574,19.25114,17.48392,16.90086,16.62302,16.42503,211,301,6,362,1417637499383080960,STAR,0.000129977,1259,52931,471
1237646382079804742,95.18280024,1.005300967,19.22186,17.43544,16.93804,16.69567,16.53674,211,301,6,362,1417634750604011520,STAR,8.162519E-05,1259,52931,461
1237646382079804099,95.27004116,0.858987207,18.66571,16.94823,16.53554,16.35474,16.18672,211,301,6,362,1417639423528429568,STAR,0.000162816,1259,52931,478
1237646382079804054,95.24288661,0.970593396,17.70423,15.86547,15.29097,15.01794,14.82418,211,301,6,362,1417635300359825408,STAR,0.000118005,1259,52931,463
1237646382079803989,95.22817945,0.891174873,18.6706,16.99171,16.56165,16.38384,16.19722,211,301,6,362,1417635025481918464,STAR,0.000142677,1259,52931,462
1237646382079803986,95.22612606,0.957250973,19.06613,17.34293,16.72245,16.43074,16.22178,211,301,6,362,1417636399871453184,STAR,7.160752E-05,1259,52931,467
1237646382079803959,95.22195049,0.868323529,18.73745,17.17706,16.44903,16.12138,15.88933,211,301,6,362,1417637224505174016,STAR,0.000105119,1259,52931,470
1237646382079738485,95.06938207,0.967119305,18.74394,17.15325,16.83968,16.71426,16.59256,211,301,6,361,1417637774260987904,STAR,0.000138719,1259,52931,472
1237646382079738484,95.09141121,0.963893844,18.87002,17.05878,16.19566,15.7946,15.59423,211,301,6,361,1417638049138894848,STAR,0.000112947,1259,52931,473
1237646382079738335,95.03872676,0.908545742,18.90392,17.22835,16.88944,16.76901,16.66028,211,301,6,361,1417638873772615680,STAR,0.000183509,1259,52931,476
1237646382079672786,94.91536686,0.9453789,18.39684,16.85855,16.57424,16.48492,16.37063,211,301,6,360,1417631452069128192,STAR,0.000135536,1259,52931,449
1237646382079672642,94.88388704,0.990685512,17.03847,15.47224,15.10297,14.97051,14.88297,211,301,6,360,1417631177191221248,STAR,1.177334E-05,1259,52931,448
1237646382079672588,94.87250989,0.838282237,17.95106,16.34713,15.94763,15.79226,15.67866,211,301,6,360,1417632551580755968,STAR,7.648661E-05,1259,52931,453
1237646382079672552,94.86108244,0.898412512,19.07524,17.7593,16.9488,16.63678,16.42654,211,301,6,360,1417634475726104576,STAR,0.000248952,1259,52931,460
1237646382079607680,94.81333019,0.980798043,17.26491,16.00246,15.79299,15.68303,15.66872,211,301,6,359,1417629527923779584,STAR,0.000156835,1259,52931,442
1237646382079607640,94.81361725,0.86415916,16.59753,15.22174,14.99648,14.93687,14.85173,211,301,6,359,1417633651092383744,STAR,0.000152118,1259,52931,457
1237646382079606869,94.67949899,0.84232101,18.47695,16.94897,16.68126,16.59887,16.51747,211,301,6,359,1417632001824942080,STAR,0.000206783,1259,52931,451
1237646382079542274,94.63698134,0.974962988,17.14729,15.61818,15.41421,15.62225,15.27046,211,301,6,358,1417598466720294912,GALAXY,0,1259,52931,329
1237646382079541994,94.60407355,0.925177408,17.9441,16.4345,15.99379,15.80487,15.69043,211,301,6,358,1417618807685408768,STAR,5.405584E-05,1259,52931,403
1237646382079541912,94.59326567,0.948959742,19.05359,17.62755,17.16829,16.96772,16.8418,211,301,6,358,1417619907197036544,STAR,9.675207E-05,1259,52931,407
1237646382079541699,94.57799762,0.877346809,18.28783,16.75007,16.42278,16.31002,16.22085,211,301,6,358,1417623205731919872,STAR,0.000130438,1259,52931,419
1237646382079541631,94.5704586,0.997188229,18.69618,17.23645,16.63734,16.35796,16.14807,211,301,6,358,1417620456952850432,STAR,0.000252992,1259,52931,409
1237646382079541357,94.53207616,0.877230173,17.60406,16.05053,15.6941,15.82955,15.44363,211,301,6,358,1417621831342385152,STAR,8.802761E-05,1259,52931,414
1237646382079541340,94.53174785,0.92883193,17.79365,16.34339,15.96839,16.11843,15.72173,211,301,6,358,1417621281586571264,STAR,8.396233E-05,1259,52931,412
1237646382079477651,94.48065021,1.002059155,19.42064,17.82483,17.0706,16.7584,16.54133,211,301,6,357,1417607537691224064,STAR,0.00028203,1259,52931,362
1237646382079476967,94.51833361,0.839123718,18.66632,17.20002,17.04716,17.02973,16.97475,211,301,6,357,1417622655976105984,STAR,0.000194125,1259,52931,417
1237646382079476799,94.49881867,0.989660893,18.09839,16.7229,16.13046,15.87395,15.6924,211,301,6,357,1417611111104014336,STAR,1.952831E-05,1259,52931,375
1237646382079476342,94.4436366,0.852922386,18.438,16.98621,16.83219,16.81224,16.79249,211,301,6,357,1417612210615642112,STAR,0.000143677,1259,52931,379
1237646382079476277,94.43369022,0.972052207,18.79271,17.0423,16.26496,15.91869,15.74185,211,301,6,357,1417612485493549056,STAR,0.000136887,1259,52931,380
1237646382079476040,94.40986946,0.934068419,18.83441,17.30827,17.13613,17.08087,17.01908,211,301,6,357,1417609186958665728,STAR,0.00011246,1259,52931,368
1237646382079475776,94.3816607,0.942048617,17.68669,16.2624,16.12234,16.09487,16.03698,211,301,6,357,1417608362324944896,STAR,0.000256182,1259,52931,365
1237646382079410288,94.23406952,0.851906072,18.52553,17.03238,16.85107,16.81772,16.75011,211,301,6,356,1417608637202851840,STAR,0.000164379,1259,52931,366
1237646382079345434,94.17779515,0.89113126,17.69851,16.2152,16.04205,16.00999,15.95449,211,301,6,355,1417610011592386560,STAR,0.000158071,1259,52931,371
1237646382079344941,94.10025982,0.887737734,17.80895,16.50277,16.38258,16.38958,16.3496,211,301,6,355,1417609736714479616,STAR,0.000156526,1259,52931,370
1237646381543457037,96.34636316,0.544492547,18.30842,16.74553,16.13087,15.86162,15.67015,211,301,5,370,1417677081801680896,STAR,-5.98E-06,1259,52931,615
1237646381543392348,96.31548469,0.492193177,18.74846,17.1299,16.80702,16.66729,16.58632,211,301,5,369,1417676806923773952,STAR,4.683716E-05,1259,52931,614
1237646381543392238,96.30331123,0.573874421,18.77757,17.19927,16.88318,16.74328,16.62185,211,301,5,369,1417674058144704512,STAR,0.000147034,1259,52931,604
1237646381543392145,96.2904043,0.514425428,18.98555,17.5356,16.88702,16.57191,16.35599,211,301,5,369,1417673783266797568,STAR,-3.10E-05,1259,52931,603
1237646381543391669,96.23489839,0.423975693,17.25586,15.61591,15.23917,15.08549,14.96183,211,301,5,369,1417676257167960064,STAR,-7.22E-06,1259,52931,612
1237646381543391627,96.22423354,0.579467037,18.17291,16.53512,16.09147,15.95605,15.76946,211,301,5,369,1417678181313308672,STAR,0.000180602,1259,52931,619
1237646381543391583,96.21868127,0.501829753,17.8195,16.23672,15.8719,15.69587,15.52072,211,301,5,369,1417678456191215616,STAR,8.23997E-05,1259,52931,620
1237646381543391575,96.2143319,0.548006885,18.97108,17.36816,17.00725,16.84802,16.69489,211,301,5,369,1417675432534239232,STAR,0.000180221,1259,52931,609
1237646381543391529,96.20762835,0.525075427,17.98662,16.31779,15.93669,15.77361,15.65163,211,301,5,369,1417676532045867008,STAR,0.000124589,1259,52931,613
1237646381543327768,96.13386716,0.489714414,19.35614,17.61792,17.14062,16.90602,16.75252,211,301,5,368,1417666636441217024,STAR,5.843689E-05,1259,52931,577
1237646381543327292,96.0625995,0.438141353,19.5185,17.76141,17.28286,17.06664,16.90568,211,301,5,368,1417665536929589248,STAR,0.000133656,1259,52931,573
1237646381543326833,96.16808772,0.523330492,17.59094,15.94305,15.5397,15.36399,15.19598,211,301,5,368,1417673508388890624,STAR,8.0479E-05,1259,52931,602
1237646381543326601,96.12947402,0.463706637,17.80049,16.07006,15.59613,15.39318,15.23292,211,301,5,368,1417667461074937856,STAR,0.000140518,1259,52931,580
1237646381543326542,96.12203901,0.522093903,17.64937,15.97161,15.56323,15.38022,15.24003,211,301,5,368,1417665811807496192,STAR,0.00021012,1259,52931,574
1237646381543326287,96.11593892,0.569639575,18.93719,16.56962,15.48036,15.06133,14.81821,211,301,5,368,1417666911319123968,STAR,0.000117932,1259,52931,578
1237646381543326009,96.04887964,0.58053795,17.75344,16.01047,15.51287,15.29505,15.12461,211,301,5,368,1417664162540054528,STAR,0.000112864,1259,52931,568
1237646381543325913,96.03725194,0.558609201,18.79584,17.11262,16.69115,16.51002,16.334,211,301,5,368,1417667186197030912,STAR,0.000115339,1259,52931,579
1237646381543325905,96.03670489,0.468477889,18.80263,17.18342,16.77893,16.59879,16.44357,211,301,5,368,1417663887662147584,STAR,0.000116434,1259,52931,567
1237646381543325839,96.02902532,0.589748098,17.61158,15.86968,15.39163,15.18249,15.02199,211,301,5,368,1417663337906333696,STAR,0.000112192,1259,52931,565
1237646381543325835,96.02778999,0.509547309,17.27788,15.63853,15.29246,15.15025,15.025,211,301,5,368,1417663063028426752,STAR,0.0001915,1259,52931,564
1237646381543261157,96.00814084,0.520645978,18.6527,17.6822,19.21713,16.95719,16.39001,211,301,5,367,1417662788150519808,STAR,0.000202467,1259,52931,563
1237646381543260744,95.95550246,0.420125114,17.36212,15.9069,15.5216,15.35418,15.20343,211,301,5,367,1417655916202846208,STAR,0.000147929,1259,52931,538
1237648702967185504,185.012159,-1.111441109,19.53371,18.75589,18.2605,17.93995,17.8565,752,301,1,277,324281471835596800,GALAXY,0.1572003,288,52000,81
1237648702967185465,185.0694218,-1.051128906,17.262,16.14839,15.70567,15.5601,15.49644,752,301,1,277,324284770370480128,STAR,0.000156675,288,52000,93
1237648702967185438,185.0308311,-1.080648157,16.96588,16.02831,15.7549,15.64717,15.60259,752,301,1,277,2880131470876239872,STAR,0.000762383,2558,54140,289
1237648702967054436,184.7512582,-1.114898426,19.42303,17.9242,17.15133,16.72932,16.40958,752,301,1,275,324293841341409280,GALAXY,0.1201394,288,52000,126
1237648702967054406,184.7061704,-1.236947134,17.78422,16.50031,15.87221,15.49801,15.28736,752,301,1,275,324315831573964800,GALAXY,0.06989451,288,52000,206
1237648702967578671,185.9556034,-1.121280204,15.19889,14.31452,14.05697,13.92906,13.91172,752,301,1,283,2880087490411128832,STAR,-0.000142278,2558,54140,129
1237648702967578701,185.8651533,-1.13614273,19.33216,17.8797,17.32971,17.11149,17.02826,752,301,1,283,2880107281620428800,STAR,0.000147598,2558,54140,201
1237648702967578753,185.9868527,-1.228780693,19.40865,18.44202,18.26136,18.21507,18.19971,752,301,1,283,2891366555784865792,STAR,-0.000507626,2568,54153,202
1237648702966923474,184.3880302,-1.193133102,19.24533,18.13623,17.77322,17.5135,17.37947,752,301,1,273,324329025713498112,GALAXY,0.07794146,288,52000,254
1237648702966923367,184.4405713,-1.199248473,18.06068,17.04281,16.69544,16.39104,16.25756,752,301,1,273,324327376446056448,GALAXY,0.07009142,288,52000,248
1237648702966923328,184.3833561,-1.082959746,19.39275,17.921,17.06458,16.63083,16.33663,752,301,1,273,324327926201870336,GALAXY,0.1586266,288,52000,250
1237648702966923322,184.3707509,-1.066392518,19.24695,18.14896,17.49914,17.11604,16.88354,752,301,1,273,324325727178614784,GALAXY,0.157098,288,52000,242
1237648702966923291,184.4761875,-1.179540456,18.16135,16.92731,17.02256,17.10938,17.11699,752,301,1,273,375038232359888896,STAR,-8.29E-05,333,52313,413
1237648702966792310,184.1529643,-1.082339667,18.48495,17.38919,17.0689,16.88264,16.72604,752,301,1,271,323136880616957952,GALAXY,0.02136928,287,52023,13
1237648702966792250,184.1879519,-1.05461744,18.95729,17.75833,17.39408,17.22012,17.1327,752,301,1,271,323136330861144064,STAR,0.000566117,287,52023,11
1237648702966792209,184.1065887,-1.082451676,17.47356,16.51067,16.19124,16.04983,16.00548,752,301,1,271,323146776221607936,STAR,1.724697E-05,287,52023,49
1237648702966726812,183.9693989,-1.203989362,18.67024,17.3274,16.66518,16.27936,16.0012,752,301,1,270,323145951587887104,GALAXY,0.0795421,287,52023,46
1237648702967775293,186.3266109,-1.135814689,18.55963,17.2025,16.70125,16.49608,16.42471,752,301,1,286,2880077045050664960,STAR,0.000292551,2558,54140,91
1237648702967775355,186.3932068,-1.190303671,17.94483,17.02604,16.81097,16.70743,16.66667,752,301,1,286,2880078694318106624,STAR,-0.000267524,2558,54140,97
1237648702967775359,186.3988992,-1.071354122,19.24024,17.59986,17.0181,16.78427,16.66175,752,301,1,286,2880078969196013568,STAR,0.000107798,2558,54140,98
1237648702967775368,186.4587014,-1.219398892,17.80784,16.75063,16.33755,16.15759,16.09212,752,301,1,286,2880075120905316352,STAR,-4.65E-05,2558,54140,84
1237648702966661296,183.9018984,-1.173980925,19.34145,17.35735,16.3837,15.94484,15.58079,752,301,1,269,323144577198352384,GALAXY,0.07562031,287,52023,41
1237648702966661285,183.8593745,-1.195077527,19.57924,18.51185,18.18766,17.99696,17.93033,752,301,1,269,364793796791134208,STAR,0.000583659,324,51666,8
1237648702966661167,183.8260336,-1.109845895,18.35799,16.40675,15.52149,15.10122,14.76636,752,301,1,269,323155847192537088,GALAXY,0.07594268,287,52023,82
1237648702967840884,186.4777236,-1.133397572,19.15625,18.08972,17.7972,17.57063,17.48377,752,301,1,287,325454925452568576,GALAXY,0.0486598,289,51990,254
1237648702967840928,186.5419167,-1.156469809,17.84915,16.64703,16.10961,15.80125,15.58915,752,301,1,287,325453551063033856,GALAXY,0.04202126,289,51990,249
1237648702966530271,183.5668161,-1.135877741,19.34089,17.41159,16.39621,15.92878,15.54577,752,301,1,267,323168491576256512,GALAXY,0.0996795,287,52023,128
1237648702966530252,183.5262049,-1.163990755,19.07644,17.19797,16.30089,15.8828,15.56139,752,301,1,267,323167392064628736,GALAXY,0.07057208,287,52023,124
1237648702966530213,183.4739964,-1.23142863,17.64879,16.49474,15.87173,15.4981,15.2808,752,301,1,267,323171790111139840,GALAXY,0.08193589,287,52023,140
1237648702967971974,186.8051284,-1.237388487,19.2942,19.46759,18.99985,19.03216,19.14045,752,301,1,289,325445579603732480,QSO,1.290582,289,51990,220
1237648702967971990,186.8546907,-1.074623611,19.47193,17.9617,17.3922,17.15622,17.07887,752,301,1,289,2880065500178573312,STAR,0.000137575,2558,54140,49
1237648702967971995,186.8720051,-1.184722474,19.36372,18.32858,17.76066,17.3986,17.20642,752,301,1,289,325440906679314432,GALAXY,0.1503709,289,51990,203
1237648702966333656,183.1553862,-1.223703765,18.9397,18.03588,17.71214,17.58936,17.5762,752,301,1,264,3722260084093460480,STAR,-0.000181855,3306,54922,127
1237648702966333652,183.1515693,-1.175277329,19.09086,17.49261,16.83718,16.59464,16.45383,752,301,1,264,363687962115860480,STAR,-8.43E-05,323,51615,81
1237648702966333581,183.0286184,-1.072707964,19.11371,17.37997,16.71033,16.23288,16.00918,752,301,1,264,323189657175091200,GALAXY,0.1143793,287,52023,205
1237648702966333526,183.128024,-1.170336409,18.49409,17.47146,17.1193,16.96527,16.94267,752,301,1,264,363722321854228480,STAR,0.000597956,323,51615,206
1237648702966333516,183.1047001,-1.242807027,18.26534,15.88963,14.92214,14.57991,14.39972,752,301,1,264,323190756686718976,STAR,-0.000107567,287,52023,209
1237648702964957305,180.0174546,-1.107905329,19.24194,17.4374,16.49413,15.95312,15.56135,752,301,1,243,320894150213920768,GALAXY,0.07435275,285,51930,46
1237648675608330665,249.3934118,1.189138072,19.31854,18.03506,17.42109,17.00215,16.74664,745,301,6,606,391968501633411072,GALAXY,0.09111653,348,51671,565
1237648675608265019,249.3717383,1.166899288,18.21869,17.68738,17.52145,17.46312,17.54388,745,301,6,605,391970425778759680,STAR,0.000451306,348,51671,572
1237648675608199253,249.1129862,1.235717361,17.70554,16.52928,16.01862,15.81514,15.72117,745,301,6,604,391958880906668032,STAR,0.000243078,348,51671,530
1237648675608003121,248.6833268,1.177545944,19.46411,19.24191,19.19376,19.01704,19.03733,745,301,6,601,391935791162484736,QSO,1.65905,348,51671,446
1237648675607871843,248.4424308,1.178182119,18.99841,17.97799,17.59079,17.44803,17.43322,745,301,6,599,391925345802020864,STAR,-0.000312095,348,51671,408
1237648675607805977,248.1930024,1.219958487,19.07216,17.62166,16.99716,16.73726,16.6159,745,301,6,598,391914350685743104,STAR,-0.000263835,348,51671,368
1237648675607675645,247.9992702,1.215437651,19.45591,18.42202,18.07938,17.94658,17.88251,745,301,6,596,391914625563650048,STAR,-0.000115725,348,51671,369
1237648675607019707,246.4883436,1.182787728,18.29642,17.28916,16.95478,16.80289,16.76402,745,301,6,586,409949920313763840,STAR,-0.000201312,364,52000,445
1237648675607019698,246.4839792,1.251250215,18.541,16.58596,15.81648,15.5799,15.44287,745,301,6,586,409950744947484672,STAR,1.990301E-05,364,52000,448
1237648675606954669,246.3372262,1.243573698,17.97382,16.7313,16.19508,15.91699,15.71101,745,301,6,585,409950195191670784,GALAXY,0.04765368,364,52000,446
1237648675606823365,246.0849394,1.174141612,18.78055,17.26691,16.68871,16.4583,16.32949,745,301,6,583,409939474953299968,STAR,-1.47E-06,364,52000,407
1237648675606692421,245.7157934,1.245388073,19.22342,19.01674,18.70262,18.65875,18.62971,745,301,6,581,409917759598651392,QSO,1.227615,364,52000,328
1237648675606691936,245.6912055,1.243758422,19.28122,17.97229,17.63551,17.44405,17.41145,745,301,6,581,409919133988186112,GALAXY,0.02442459,364,52000,333
1237648675606691884,245.6636031,1.247617541,18.91944,17.80179,17.39375,17.17265,17.08438,745,301,6,581,409919958621906944,GALAXY,0.02452652,364,52000,336
1237648675606495865,245.2816696,1.177758325,19.52551,18.07914,17.3061,16.86974,16.54156,745,301,6,578,389728521938823168,GALAXY,0.1330015,346,51693,608
1237648675606430099,245.0866342,1.228436228,16.85358,15.63081,15.09907,14.80041,14.57816,745,301,6,577,389727147549288448,GALAXY,0.03223962,346,51693,603
1237648675606233743,244.7352977,1.184178723,18.20337,16.35203,15.42559,14.97615,14.64996,745,301,6,574,389705707072546816,GALAXY,0.05805147,346,51693,525
1237648675606233649,244.6934691,1.200678933,19.56508,18.07842,17.59711,17.30647,17.1456,745,301,6,574,389705157316732928,GALAXY,0.05813755,346,51693,523
1237648675606233552,244.6414859,1.250785939,18.85786,16.96216,16.00313,15.49234,15.12086,745,301,6,574,389707081462081536,GALAXY,0.05765377,346,51693,530
1237648675606233376,244.7162873,1.181679194,18.67052,17.45886,17.00055,16.8126,16.78932,745,301,6,574,389704607560919040,STAR,-0.000359101,346,51693,521
1237648675606167925,244.4563602,1.16177486,18.83757,17.12259,16.36792,15.90656,15.59752,745,301,6,573,389709830241150976,GALAXY,0.05877787,346,51693,540
1237648675606167707,244.4935739,1.155138666,18.86985,17.91304,17.55133,17.18573,17.09064,745,301,6,573,389705432194639872,GALAXY,0.05902028,346,51693,524
1237648675606036798,244.1631715,1.207766568,19.39457,18.11488,17.46252,17.07111,16.83985,745,301,6,571,389685091229526016,GALAXY,0.05537476,346,51693,450
1237648675605905957,243.9275011,1.249024769,19.38903,18.33714,17.6864,17.27947,17.02616,745,301,6,569,389672171967899648,GALAXY,0.1327327,346,51693,403
1237648675605840386,243.7941637,1.165912258,18.91756,17.30178,16.46264,15.98732,15.63404,745,301,6,568,389663100996970496,GALAXY,0.02809832,346,51693,370
1237648675605774871,243.6244029,1.167597551,18.02971,16.8872,16.42735,16.15031,15.96064,745,301,6,567,389660627095808000,GALAXY,0.0286315,346,51693,361
1237648675605446971,242.8431669,1.182518318,19.52223,17.41989,16.59553,16.32717,16.17988,745,301,6,562,388593276132812800,STAR,-0.000101878,345,51690,574
1237648675605446927,242.8109755,1.127497125,18.25661,17.47846,17.03543,16.51574,16.53835,745,301,6,562,388592726376998912,GALAXY,0.1067022,345,51690,572
1237648675605446841,242.9098267,1.127438861,18.71211,17.42109,16.88094,16.67633,16.58089,745,301,6,562,388592176621185024,STAR,-0.00014306,345,51690,570
1237648675605446684,242.8252267,1.05878492,18.72041,17.24872,16.62611,16.3921,16.27407,745,301,6,562,388590252475836416,STAR,-0.00023016,345,51690,563
1237648675605381513,242.7278994,1.12073441,17.87721,16.59167,15.95641,15.56669,15.33162,745,301,6,561,388579532237465600,GALAXY,0.05804155,345,51690,524
1237648675605381419,242.6905101,1.215065876,18.75865,17.75045,17.3277,17.0813,16.96067,745,301,6,561,388578707603744768,GALAXY,0.02796681,345,51690,521
1237648675605381345,242.7969826,1.187051675,18.37573,16.87815,16.28783,16.05516,15.95649,745,301,6,561,388591351987464192,STAR,-9.54E-05,345,51690,567
1237648675605316104,242.5910526,1.243634585,19.49664,18.28441,17.72901,17.33362,17.14402,745,301,6,560,388556717371189248,GALAXY,0.05762954,345,51690,441
1237648675605315842,242.6278702,1.184516967,18.36225,17.05275,16.56915,16.37815,16.33203,745,301,6,560,388580356871186432,STAR,-0.000219439,345,51690,527
1237648675605315758,242.5625403,1.190245117,18.42238,18.22688,18.16234,18.02632,17.98409,745,301,6,560,388558916394444800,QSO,1.92721,345,51690,449
1237648675605250531,242.4510598,1.089579084,18.46837,17.05451,16.43692,16.05719,15.81721,745,301,6,559,388557816882817024,GALAXY,0.05591223,345,51690,445
1237648675605250239,242.4869273,1.195688355,17.87385,15.88812,15.0771,14.77845,14.60094,745,301,6,559,388559191272351744,STAR,-0.00010673,345,51690,450
1237648675605250186,242.4383975,1.171876364,17.91883,16.78357,16.36801,16.02861,15.8854,745,301,6,559,388546272010725376,GALAXY,0.05555231,345,51690,403
1237648675605250170,242.427462,1.073492979,19.35234,17.07839,16.13249,15.78959,15.60029,745,301,6,559,388547921278167040,STAR,-8.47E-05,345,51690,409
1237648675605184926,242.2733329,1.082977569,19.36918,18.02738,17.53441,17.23723,17.04132,745,301,6,558,388547371522353152,GALAXY,0.05533386,345,51690,407
1237648675605119699,242.1038924,1.135320988,19.51914,18.35248,17.83754,17.54294,17.34665,745,301,6,557,388539125185144832,GALAXY,0.05574461,345,51690,377
1237648675605119520,242.1865666,1.078928545,18.87871,17.66926,17.05803,16.73153,16.41729,745,301,6,557,388537201039796224,GALAXY,0.0277606,345,51690,370
1237648675605119332,242.1047304,1.107361966,19.35062,17.90006,17.33493,16.98621,16.73307,745,301,6,557,388534727138633728,GALAXY,0.08144762,345,51690,361
1237648675605053923,242.0327747,1.085363567,17.92471,16.89563,16.34107,16.06352,15.82847,745,301,6,556,388535826650261504,GALAXY,0.0244775,345,51690,365
1237648675604988405,241.8526549,1.138414844,19.53237,17.64661,16.59679,16.07399,15.67989,745,301,6,555,388527855190960128,GALAXY,0.05667758,345,51690,336
1237648675604987914,241.7664745,1.10819244,18.36716,16.15226,15.06507,14.51372,14.05285,745,301,6,555,388525106411890688,GALAXY,0.02725771,345,51690,326
1237648675604791855,241.4533569,1.10397579,19.27841,18.15512,17.91325,17.84251,17.83266,745,301,6,552,387464077741418496,STAR,-0.000640316,344,51693,562
1237648675604791614,241.342917,1.174300666,19.51355,19.20316,19.45578,19.71678,19.94081,745,301,6,552,387465727008860160,STAR,-0.000275989,344,51693,568
1237648675604660569,241.0794562,1.138516823,17.7902,16.62802,16.15077,15.85967,15.6565,745,301,6,550,387435215561189376,GALAXY,0.04806982,344,51693,457
1237648675604660350,241.0796716,1.156436331,19.165,17.99521,17.49818,17.28169,17.1658,745,301,6,550,387435765317003264,STAR,-9.86E-05,344,51693,459
1237648675604660309,241.0508137,1.087695696,19.245,17.94308,17.41553,17.2252,17.12269,745,301,6,550,387433291415840768,STAR,-0.000383814,344,51693,450
1237648675604463996,240.5970238,1.196639464,18.77401,16.71831,15.68455,15.18589,14.78844,745,301,6,547,387420097276307456,GALAXY,0.06836636,344,51693,402
1237648675604267156,240.1976701,1.095280177,17.96424,16.81256,16.38078,16.22849,16.13605,745,301,6,544,387409926793750528,STAR,-6.57E-05,344,51693,365
1237648675604267127,240.1972128,1.069755631,18.25095,17.02913,16.44231,16.17621,16.09567,745,301,6,544,387398656799565824,STAR,-7.09E-05,344,51693,324
1237648675604267010,240.1196725,1.174081769,17.99823,17.6965,17.54185,17.39625,17.22874,745,301,6,544,387401955334449152,QSO,0.4285848,344,51693,336
1237648675604201503,239.9745981,1.080735772,19.00193,17.77284,17.19768,16.95445,16.83185,745,301,6,543,386350272445704192,STAR,-0.000124577,343,51692,606
1237648675604136000,239.8650475,1.087974307,19.56671,18.13428,17.45751,17.1626,16.9777,745,301,6,542,386349997567797248,STAR,-0.000239917,343,51692,605
1237648675604135990,239.8587799,1.124589896,18.62193,17.39509,16.90178,16.71416,16.59421,745,301,6,542,386350822201518080,STAR,-0.000222035,343,51692,608
1237648675604135955,239.8257811,1.115126874,18.7716,16.93115,16.23289,15.9867,15.83284,745,301,6,542,386349447811983360,STAR,-0.000203386,343,51692,603
1237648675604070613,239.6784087,1.19478032,19.35302,17.84436,17.16458,16.87727,16.69646,745,301,6,541,386338177817798656,STAR,-0.000224826,343,51692,562
1237648703509102769,196.5548982,-0.664146939,19.00659,17.46996,16.69207,16.29661,16.01036,752,301,2,354,331066557855721472,GALAXY,0.08398743,294,51986,189
1237648703509102812,196.6126413,-0.806040928,18.73435,16.83528,15.89845,15.49562,15.14348,752,301,2,354,331052539082467328,GALAXY,0.08417733,294,51986,138
1237648703509102821,196.6234589,-0.797385299,19.27567,17.23888,16.27929,15.86932,15.52172,752,301,2,354,4561040403370104832,GALAXY,0.08421105,4051,55337,72
1237648703509299300,197.0511669,-0.800848265,17.83527,16.58212,16.1821,16.04291,16.0348,752,301,2,357,3294462094975461376,STAR,4.036106E-05,2926,54625,287
1237648703509299303,197.0551867,-0.710263446,18.86994,18.84002,18.82285,18.57977,18.37008,752,301,2,357,331040169576654848,QSO,2.014817,294,51986,93
1237648703510872314,200.676361,-0.663860353,19.30794,19.04743,19.00151,18.79761,18.77819,752,301,2,381,333283997897484288,QSO,1.582299,296,51984,64
1237648703510872275,200.6453652,-0.679718877,17.47912,16.09549,15.40855,15.05322,14.76498,752,301,2,381,333296642281203712,GALAXY,0.04545274,296,51984,110
1237648703510872254,200.6241417,-0.777419541,19.45424,17.0256,15.91278,15.48616,15.22603,752,301,2,381,3723381311881191424,STAR,-0.000123804,3307,54970,110
1237648703510806859,200.516291,-0.821518935,19.22735,18.15251,17.73294,17.46182,17.33928,752,301,2,380,333267780100974592,GALAXY,0.07863385,296,51984,5
1237648703510806850,200.4974043,-0.660242962,19.27074,18.33159,17.72468,17.41358,17.25731,752,301,2,380,333295267891668992,GALAXY,0.1808268,296,51984,105
1237648703510806829,200.4824745,-0.638688424,19.04042,17.03662,15.97321,15.5237,15.10743,752,301,2,380,333298016670738432,GALAXY,0.1084637,296,51984,115
1237648703510741275,200.2523618,-0.747640539,19.59779,18.18178,17.48014,17.09177,16.8099,752,301,2,379,333315333978875904,GALAXY,0.1067093,296,51984,178
1237648703510741209,200.3263756,-0.738697239,19.58449,18.366,17.65677,17.27003,16.99363,752,301,2,379,333306537885853696,GALAXY,0.1057186,296,51984,146
1237648703510741205,200.324731,-0.777605816,19.3432,17.89561,17.00133,16.5226,16.18343,752,301,2,379,334472844425586688,GALAXY,0.1089624,297,51959,293
1237648703510741181,200.304829,-0.645412611,19.58232,17.62089,16.65487,16.23807,15.86358,752,301,2,379,333310935932364800,GALAXY,0.08400247,296,51984,162
1237648703510675634,200.1571488,-0.649082154,19.13481,18.11898,17.65266,17.3553,17.14689,752,301,2,378,333313134955620352,GALAXY,0.1093265,296,51984,170
1237648703510675593,200.1201448,-0.806927851,18.83885,17.64994,17.13454,16.80813,16.63157,752,301,2,378,333318907391666176,GALAXY,0.08545643,296,51984,191
1237648703510610183,200.01023,-0.808108644,19.37177,18.18778,17.58348,17.13908,16.93864,752,301,2,377,333319732025387008,GALAXY,0.08275792,296,51984,194
1237648703510544559,199.8584476,-0.730710766,19.53188,17.64628,16.75193,16.34617,16.0192,752,301,2,376,333316158612596736,GALAXY,0.08446324,296,51984,181
1237648703510544542,199.8359598,-0.762394036,19.40141,17.64815,16.74163,16.27198,15.94268,752,301,2,376,333329902507943936,GALAXY,0.08888021,296,51984,231
1237648703510544472,199.9137026,-0.743903882,17.19612,15.83726,15.2793,15.03549,14.92108,752,301,2,376,3723408524793978880,STAR,-0.000361061,3307,54970,209
1237648703510544469,199.9115291,-0.827788918,17.84523,17.62344,17.53355,17.54563,17.44993,752,301,2,376,333318357635852288,QSO,0.8911434,296,51984,189
1237648703510479021,199.6864529,-0.733793414,19.25562,17.23803,16.25903,15.8357,15.43507,752,301,2,375,333328528118409216,GALAXY,0.0859492,296,51984,226
1237648703510479005,199.6761882,-0.792305219,18.74306,17.51584,16.8362,16.44594,16.19042,752,301,2,375,333343371525384192,GALAXY,0.08478002,296,51984,280
1237648703510478991,199.6697705,-0.822973477,18.72229,17.34192,16.67519,16.27271,15.94496,752,301,2,375,333338698600966144,GALAXY,0.04720235,296,51984,263
1237648703510478979,199.6550339,-0.707468234,18.20212,16.94959,16.30258,15.89587,15.62526,752,301,2,375,333343096647477248,GALAXY,0.08120288,296,51984,279
1237648703510413537,199.6286233,-0.787458164,19.5239,17.60466,16.64084,16.20983,15.84354,752,301,2,374,333339798112593920,GALAXY,0.08827489,296,51984,267
1237648703510413501,199.606573,-0.710735914,18.59287,17.0871,16.29822,15.88552,15.56863,752,301,2,374,333338423723059200,GALAXY,0.08077726,296,51984,262
1237648703510413495,199.6045304,-0.747162774,19.39135,18.09164,17.4505,17.07291,16.82672,752,301,2,374,333342272013756416,GALAXY,0.08178464,296,51984,276
1237648703510413477,199.5932176,-0.698224949,19.344,18.21936,17.61789,17.25592,17.01245,752,301,2,374,333341172502128640,GALAXY,0.08580142,296,51984,272
1237648703510413433,199.5571149,-0.643822389,19.20914,17.31455,16.2501,15.78516,15.4022,752,301,2,374,4508151694782388224,GALAXY,0.1110676,4004,55321,176
1237648703510413432,199.5558842,-0.647869929,18.62314,17.42837,16.7199,16.27669,16.00169,752,301,2,374,333353542007941120,GALAXY,0.1102697,296,51984,317
1237648703510413330,199.5353341,-0.681150473,18.73468,16.87773,15.9586,15.55689,15.23007,752,301,2,374,333349693717243904,GALAXY,0.08575411,296,51984,303
1237648703510413326,199.5125061,-0.672302056,18.4182,17.24102,16.8164,16.64818,16.56969,752,301,2,374,333351068106778624,STAR,-6.48E-05,296,51984,308
1237648703510282486,199.2559879,-0.743886495,19.02447,17.46911,16.76896,16.44058,16.16151,752,301,2,372,332160297030674432,GALAXY,0.08190707,295,51985,72
1237648703510282483,199.2346915,-0.691787476,19.28875,18.07222,17.39763,17.04593,16.81871,752,301,2,372,332157823129511936,GALAXY,0.144422,295,51985,63
1237648703510282465,199.3134374,-0.753907598,18.22929,16.99104,16.4877,16.16564,15.90997,752,301,2,372,332161396542302208,GALAXY,0.08552645,295,51985,76
1237648703510282454,199.3027868,-0.709492134,19.27945,16.9915,16.03285,15.69964,15.49887,752,301,2,372,8394723012419803136,STAR,-2.13E-05,7456,56727,48
1237648703510216947,199.1825267,-0.73304455,19.51927,17.0428,16.00376,15.6584,15.4733,752,301,2,371,8394723287297710080,STAR,-0.000182951,7456,56727,49
1237648703510216943,199.1803493,-0.694147093,18.58351,17.38967,16.90041,16.5779,16.39905,752,301,2,371,332157548251604992,GALAXY,0.08563632,295,51985,62
1237648703510216918,199.1331952,-0.814350019,19.27872,17.37045,16.46359,16.05453,15.71305,752,301,2,371,332159472396953600,GALAXY,0.08175541,295,51985,69
1237648703510216885,199.1140289,-0.679098492,17.93707,16.51541,15.72885,15.33399,14.98455,752,301,2,371,332159747274860544,GALAXY,0.09379204,295,51985,70
1237648703510216838,199.0578451,-0.637168897,18.96424,17.7005,17.17431,16.86772,16.66748,752,301,2,371,332172391658579968,GALAXY,0.08566981,295,51985,116
1237648703510020240,198.6957386,-0.639429381,19.40975,18.14472,17.45258,16.99685,16.66891,752,301,2,368,332180912873695232,GALAXY,0.1187955,295,51985,147
1237648703510020202,198.6267912,-0.690903265,19.17105,17.99743,17.63129,17.50244,17.43513,752,301,2,368,8394757372158171136,STAR,0.000472739,7456,56727,173
1237648703510020144,198.715986,-0.760255729,19.0728,17.84782,17.37229,17.20494,17.13125,752,301,2,368,332181737507416064,STAR,0.000207572,295,51985,150
1237648703510020133,198.6802637,-0.69422885,18.33524,17.00371,16.49523,16.32596,16.23944,752,301,2,368,8394747476553521152,STAR,-2.02E-05,7456,56727,137
1237648703510020127,198.6667195,-0.634059396,18.12147,17.16597,16.92761,16.84364,16.79864,752,301,2,368,8394748301187241984,STAR,0.000268009,7456,56727,140
1237648703510020117,198.6594091,-0.736179745,17.74663,16.1925,15.64346,15.46264,15.39624,752,301,2,368,8394748026309335040,STAR,-1.73E-05,7456,56727,139
1237648703510020115,198.6400472,-0.820209771,18.86443,17.39665,16.9092,16.74889,16.67642,752,301,2,368,8394747201675614208,STAR,-6.46E-05,7456,56727,136
1237648703509954594,198.4862591,-0.653461365,16.57396,15.68463,15.42055,15.3189,15.29289,752,301,2,367,4508206120607963136,STAR,2.571367E-05,4004,55321,374
1237648703509823805,198.2311178,-0.699998508,19.41147,18.46044,18.14535,18.01526,17.95797,752,301,2,365,8394765343617472512,STAR,0.000391532,7456,56727,202
1237648703509758176,198.088673,-0.802678013,19.40479,17.52898,16.63239,16.22235,15.90367,752,301,2,364,332205377007413248,GALAXY,0.08268686,295,51985,236
1237648703509758148,198.0682519,-0.683612655,19.43383,18.44541,18.0319,17.74356,17.60784,752,301,2,364,332204552373692416,GALAXY,0.1124879,295,51985,233
1237648703509758113,198.0266503,-0.830769558,19.42913,17.37634,16.44042,15.99871,15.68624,752,301,2,364,332203727739971584,GALAXY,0.08446006,295,51985,230
1237648703509758036,198.1248106,-0.662195323,16.87224,15.46127,14.93214,14.73151,14.6355,752,301,2,364,3266271716803897344,STAR,-0.000186744,2901,54652,131
1237648703509758012,198.0711209,-0.69128525,18.39288,17.03729,16.54269,16.36754,16.30333,752,301,2,364,8394780736780261376,STAR,1.659207E-05,7456,56727,258
1237648703509758009,198.0710929,-0.826110337,17.02402,15.59626,15.10218,14.93291,14.86012,752,301,2,364,3266273915827152896,STAR,-0.000136304,2901,54652,139
1237648703509758001,198.0592769,-0.721671302,17.48496,16.30965,15.82732,15.6057,15.50888,752,301,2,364,8394779637268633600,STAR,-4.60E-05,7456,56727,254
1237648703509692686,197.9799732,-0.726034129,19.23545,18.28999,17.99631,17.91019,17.90716,752,301,2,363,8394781011658168320,STAR,0.000170482,7456,56727,259
1237648703509692668,197.9665377,-0.638453259,19.15306,17.41266,16.52953,16.11606,15.79965,752,301,2,363,332212523832993792,GALAXY,0.08238391,295,51985,262
1237648703509692499,197.8837906,-0.713999781,19.43866,17.48883,16.56063,16.13155,15.78993,752,301,2,363,332214722856249344,GALAXY,0.08507867,295,51985,270
1237648703509692463,197.9600062,-0.747317653,16.85903,15.48388,14.90877,14.66971,14.55458,752,301,2,363,3266272816315525120,STAR,0.000600347,2901,54652,135
1237648703509692450,197.9326405,-0.677262598,17.86777,16.40456,15.81242,15.60634,15.50626,752,301,2,363,8394791731896539136,STAR,-0.000162923,7456,56727,298
1237648703509627203,197.8072737,-0.765204323,19.41966,19.14263,18.90141,18.8255,18.90183,752,301,2,362,332214447978342400,QSO,1.385126,295,51985,269
1237648703509627162,197.7658121,-0.788014978,18.81549,17.16551,16.31389,15.88187,15.569,752,301,2,362,332223793827178496,GALAXY,0.08014426,295,51985,303
1237648703509627152,197.7572789,-0.704231265,19.25043,18.77891,18.33204,18.1385,17.94618,752,301,2,362,331017354710378496,GALAXY,0.2451568,294,51986,10
1237648703509627109,197.8278118,-0.683273502,17.16634,16.20765,15.94014,15.83377,15.80056,752,301,2,362,8394792006774446080,STAR,0.000681111,7456,56727,299
1237648703509627080,197.8077267,-0.633352908,18.73321,17.83524,17.60519,17.52718,17.49282,752,301,2,362,8394791182140725248,STAR,4.827825E-06,7456,56727,296
1237648703509626958,197.7427131,-0.659689098,18.86067,17.00636,16.28613,16.00189,15.86325,752,301,2,362,8394801352623282176,STAR,-0.000407164,7456,56727,333
1237648703509626945,197.7220645,-0.802760985,17.69136,16.75713,16.45225,16.32498,16.29467,752,301,2,362,8394800802867468288,STAR,0.000282616,7456,56727,331
1237648703509626943,197.7172479,-0.655121547,17.5587,16.01438,15.39383,15.15768,15.0527,752,301,2,362,3266294531670173696,STAR,-0.000318314,2901,54652,214
1237648703509626940,197.7166987,-0.726116007,17.62242,16.75903,16.51233,16.41581,16.40606,752,301,2,362,4562158611107960832,STAR,-3.93E-05,4052,55600,44
1237648703509626937,197.711532,-0.67014207,17.09557,15.7252,15.24324,15.06979,15.01804,752,301,2,362,3266294806548080640,STAR,0.000104434,2901,54652,215
1237648703509626918,197.7106276,-0.810031168,19.02504,17.50819,16.8133,16.40903,16.18544,752,301,2,362,332224618460899328,GALAXY,0.07383361,295,51985,306
1237648703509626909,197.6893015,-0.813266185,19.19223,16.8337,15.80546,15.43772,15.25125,752,301,2,362,3294442028888254464,STAR,-2.55E-05,2926,54625,214
1237648703509561593,197.6762163,-0.66457677,17.8751,16.62088,16.04468,15.67718,15.44958,752,301,2,361,332227367239968768,GALAXY,0.07620737,295,51985,316
1237648703509561585,197.6699599,-0.778589403,19.30527,19.30353,19.05536,19.07951,19.17391,752,301,2,361,331017079832471552,QSO,1.141155,294,51986,9
1237648703509561579,197.6662199,-0.774391513,19.50454,17.2651,16.33747,16.03359,15.8646,752,301,2,361,8394803276768630784,STAR,-0.000122281,7456,56727,340
1237648703509561575,197.659146,-0.656818383,18.36447,16.28006,15.29312,14.87016,14.49654,752,301,2,361,331032198117353472,GALAXY,0.08642442,294,51986,64
1237648703509561521,197.6078926,-0.826959008,19.44698,18.25686,17.54286,17.07195,16.84012,752,301,2,361,331014880809216000,GALAXY,0.1767057,294,51986,1
1237648703509561515,197.5998,-0.678298859,19.57053,17.77846,16.85433,16.37339,15.98376,752,301,2,361,331033297628981248,GALAXY,0.08626503,294,51986,68
1237648703509561498,197.586668,-0.793563164,19.0912,17.1066,16.20807,15.80922,15.47076,752,301,2,361,331015980320843776,GALAXY,0.08565257,294,51986,5
1237648703509561493,197.5756166,-0.780508451,19.34608,17.87945,17.33829,17.13663,17.0148,752,301,2,361,8394813447251187712,STAR,0.000140647,7456,56727,377
1237648703509561479,197.5739822,-0.654629543,19.37618,17.92597,16.92826,16.45157,16.08104,752,301,2,361,331031373483632640,GALAXY,0.1777052,294,51986,61
1237648703509561409,197.655654,-0.795547243,18.26047,17.98098,17.97059,18.05583,17.9922,752,301,2,361,331016804954564608,QSO,0.7215387,294,51986,8
1237648703509561395,197.6299065,-0.833410471,17.3943,16.43136,16.18655,16.08958,16.06799,752,301,2,361,8394811523105839104,STAR,-1.58E-05,7456,56727,370
1237648703509561380,197.6065716,-0.673252619,16.6151,15.60881,15.3495,15.26767,15.26128,752,301,2,361,3266295631181801472,STAR,-5.82E-05,2901,54652,218
1237648703509495973,197.4407704,-0.791235404,19.41171,18.35319,17.67282,17.247,17.01937,752,301,2,360,331015430565029888,GALAXY,0.1766877,294,51986,3
1237648703509495822,197.4295838,-0.684573835,16.33834,14.91957,14.42454,14.26219,14.21706,752,301,2,360,3266306901175986176,STAR,-0.000306695,2901,54652,259
1237648703509430470,197.3763648,-0.644582204,19.29866,17.37684,16.4664,16.04853,15.69904,752,301,2,359,331043468111538176,GALAXY,0.08087636,294,51986,105
1237648703509430434,197.3294281,-0.674147757,19.30204,18.12138,17.7213,17.41397,17.27104,752,301,2,359,331043193233631232,GALAXY,0.08197818,294,51986,104
1237648703509430379,197.237697,-0.744284763,19.29044,18.00238,17.50918,17.24906,17.10965,752,301,2,359,332225168216713216,GALAXY,0.08182288,295,51985,308
1237648703509430342,197.3147032,-0.730531771,17.89188,16.72488,16.22549,15.99753,15.88525,752,301,2,359,8394814271884908544,STAR,-0.000267099,7456,56727,380
1237648703509430283,197.2651573,-0.766008189,16.24996,14.41509,13.60188,13.22793,12.91506,752,301,2,359,331030823727818752,GALAXY,0.01720522,294,51986,59
1237648703509365035,197.2306775,-0.698708308,18.82988,17.53276,16.89593,16.50574,16.27493,752,301,2,358,331055287861536768,GALAXY,0.08218905,294,51986,148
1237648703509364989,197.1845059,-0.766833966,19.06416,17.53435,16.94957,16.66784,16.46516,752,301,2,358,331031098605725696,GALAXY,0.01868426,294,51986,60
1237648703509364976,197.1590262,-0.727308557,19.45765,19.10546,18.79448,18.75295,18.71608,752,301,2,358,331028899582470144,QSO,1.312662,294,51986,52
1237648703509364917,197.21772,-0.783383055,18.98753,17.3271,16.64566,16.39536,16.27856,752,301,2,358,8394824717245372416,STAR,-3.60E-05,7456,56727,418
1237648675603939721,239.4535969,1.124581769,19.13223,17.99018,17.86604,17.87315,17.96334,745,301,6,539,386328282213148672,STAR,0.000410744,343,51692,526
1237648675603939394,239.4092409,1.090080129,19.4538,17.66171,16.74143,16.32539,16.0302,745,301,6,539,386327182701520896,GALAXY,0.09217949,343,51692,522
1237648675603874096,239.2843886,1.087055384,17.4006,16.28152,15.84907,15.60405,15.40086,745,301,6,538,386328831968962560,GALAXY,0.03276557,343,51692,528
1237648675603808687,239.1750642,1.067850724,19.11156,17.52936,16.71915,16.2628,15.86935,745,301,6,537,386326907823613952,GALAXY,0.05020094,343,51692,521
1237648675603808635,239.1513846,1.068637711,18.68742,17.38063,16.91847,16.65045,16.45192,745,301,6,537,386328007335241728,GALAXY,0.04958897,343,51692,525
1237648675603808325,239.1181233,1.226375561,15.87731,15.98891,16.39285,16.70746,16.93355,745,301,6,537,386306291980593152,STAR,0.000201486,343,51692,446
1237648675603743074,238.9521134,1.206012418,19.54832,17.7261,16.90218,16.43995,16.12423,745,301,6,536,386307116614313984,GALAXY,0.1002968,343,51692,449
1237648675603677570,238.8898829,1.2023145,19.37122,17.874,17.23508,16.81075,16.53594,745,301,6,535,386307391492220928,GALAXY,0.06984673,343,51692,450
1237648675603677301,238.8477005,1.155929365,17.22217,15.91736,15.40447,15.19519,15.08675,745,301,6,535,386310140271290368,STAR,-0.000360757,343,51692,460
1237648675603546198,238.5535388,1.188850494,18.78255,18.51415,18.78695,19.00289,19.33833,745,301,6,533,386294197352687616,STAR,-9.85E-05,343,51692,402
1237648675603480724,238.4181514,1.22644824,19.37699,19.29841,19.50462,19.67,19.92975,745,301,6,532,386284576625944576,STAR,-2.20E-05,343,51692,367
1237648702968103145,187.0951524,-1.223001443,18.79004,17.03438,16.41441,16.09188,15.91404,752,301,1,291,376161927874766848,GALAXY,0.1146823,334,51993,405
1237648702968103193,187.0718846,-1.115831272,18.48582,17.47009,17.15168,16.96801,16.89747,752,301,1,291,325419191324665856,GALAXY,0.03258956,289,51990,124
1237648702968103259,187.1746409,-1.143748118,19.10975,18.05081,17.66049,17.47176,17.25882,752,301,1,291,325407371574667264,GALAXY,0.04270654,289,51990,81
1237648702968234081,187.492431,-1.148468005,17.41011,16.28985,15.90513,15.76915,15.71545,752,301,1,293,325399949871179776,STAR,7.382272E-05,289,51990,54
1237648702968234199,187.4166929,-1.062526195,19.40952,18.0377,17.2326,16.82528,16.52934,752,301,1,293,325400774504900608,GALAXY,0.1598769,289,51990,57
1237648702968234273,187.4013525,-1.080177415,19.49952,17.9922,17.20122,16.77302,16.4563,752,301,1,293,325396926214203392,GALAXY,0.1148159,289,51990,43
1237648702968299680,187.6413252,-1.236666616,19.54857,17.77632,16.8664,16.43002,16.08947,752,301,1,294,376210031508482048,GALAXY,0.08057746,334,51993,580
1237648702968496220,188.0560968,-1.082371541,17.54942,16.41948,16.03131,15.90119,15.85331,752,301,1,297,3259559471768168448,STAR,9.993569E-05,2895,54567,288
1237648702968627242,188.3359683,-1.087919823,19.14378,17.78933,17.31539,17.16447,17.14356,752,301,1,299,3259551775186774016,GALAXY,0.6692739,2895,54567,260
1237648702968627245,188.3387845,-1.214386956,18.18184,16.91953,16.51289,16.36012,16.29571,752,301,1,299,3259549026407704576,STAR,-0.000188904,2895,54567,250
1237648702968627253,188.341825,-1.24020572,18.344,16.8509,16.28868,16.07707,15.95616,752,301,1,299,3287694324971628544,STAR,-5.29E-05,2920,54562,242
1237648702968692751,188.4620624,-1.177523806,17.24607,15.71439,15.15721,14.9471,14.83999,752,301,1,300,3259548476651890688,STAR,-0.000204058,2895,54567,248
1237648702967644209,186.0446887,-1.097908363,18.58269,17.32711,17.31973,17.37175,17.4108,752,301,1,284,2880086940655314944,STAR,0.000175608,2558,54140,127
1237648702967644211,186.0596074,-1.170150666,18.04491,16.7656,16.82947,16.91893,16.9731,752,301,1,284,2880090514068105216,STAR,-0.000229139,2558,54140,140
1237648702967644239,186.1375354,-1.123260923,17.90723,17.01207,16.79112,16.7191,16.71392,752,301,1,284,2880087765289035776,STAR,-0.000197533,2558,54140,130
1237648702967709716,186.2243719,-1.238326577,18.86785,17.96417,17.61898,17.47807,17.45108,752,301,1,285,2880087215533221888,STAR,0.000453193,2558,54140,128
1237648702968823975,188.8535092,-1.167201351,19.47626,17.20146,16.24076,15.89137,15.67534,752,301,1,302,3287661339622795264,STAR,8.623453E-05,2920,54562,122
1237648702968889361,188.8995215,-1.159263779,19.19305,18.29864,18.07901,17.97754,17.94598,752,301,1,303,3287661889378609152,STAR,-0.000275837,2920,54562,124
1237648702968889367,188.9328555,-1.167273709,17.59956,16.68321,16.43945,16.34299,16.31643,752,301,1,303,3259513842035615744,STAR,0.000487538,2895,54567,122
1237648702968889406,188.9631157,-1.05196467,18.4739,16.80475,16.05927,15.7471,15.54848,752,301,1,303,3287664913035585536,STAR,-0.000165769,2920,54562,135
1237648702968889412,188.9734489,-1.19682829,18.91755,18.72434,18.62667,18.49412,18.50909,752,301,1,303,326544815531517952,QSO,1.476106,290,51941,123
1237648702968889416,188.9860227,-1.228303958,17.12308,15.16889,14.35602,14.00649,13.79916,752,301,1,303,3259516041058871296,STAR,-0.000249982,2895,54567,130
1237648702968889425,188.9890954,-1.140496574,15.22208,14.20769,13.94387,13.84991,13.81903,752,301,1,303,3259514116913522688,STAR,-7.81E-05,2895,54567,123
1237648702967840829,186.541228,-1.087122261,18.15763,16.9372,16.40652,16.17633,16.06069,752,301,1,287,2880079518951827456,STAR,-0.000144721,2558,54140,100
1237648702967840872,186.60034,-1.209606194,17.60976,17.43707,17.28362,17.31243,17.27664,752,301,1,287,325441731313035264,QSO,0.9198498,289,51990,206
1237648702968889436,188.9919492,-1.099647942,18.58097,17.55655,17.10435,16.88686,16.77873,752,301,1,303,3259514666669336576,STAR,0.000600277,2895,54567,125
1237648702967906306,186.6238303,-1.170444151,18.29996,17.12386,16.68579,16.55832,16.48868,752,301,1,288,2880065225300666368,STAR,7.300331E-05,2558,54140,48
1237648702967906370,186.7289479,-1.056028247,18.70263,17.51519,16.94651,16.72572,16.60802,752,301,1,288,2880064675544852480,STAR,0.00024644,2558,54140,46
1237648702967906372,186.732989,-1.081893879,18.06988,18.07028,18.24701,18.47283,18.62598,752,301,1,288,325441181557221376,STAR,-0.000157028,289,51990,204
1237648702967906462,186.6967301,-1.171909327,19.54732,17.94189,17.3453,17.1449,17.00697,752,301,1,288,2880063301155317760,STAR,6.378276E-05,2558,54140,41
1237648702967906488,186.7349731,-1.200117338,18.36531,17.11435,16.50102,16.1332,15.88523,752,301,1,288,325443105702569984,GALAXY,0.07237981,289,51990,211
1237648702967971884,186.8411715,-1.093001236,19.14686,17.21767,16.52522,16.28851,16.1677,752,301,1,289,2880067699201828864,STAR,2.438393E-05,2558,54140,57
1237648702967971957,186.7622159,-1.206760336,19.21375,17.61476,16.78795,16.30011,15.92994,752,301,1,289,325442555946756096,GALAXY,0.07218131,289,51990,209
1237648702968955007,189.0843224,-1.120322426,17.34686,16.14952,15.54111,15.15142,14.90117,752,301,1,304,326545915043145728,GALAXY,0.08081593,290,51941,127
1237648702968955051,189.1428376,-1.149152164,19.33716,18.37018,18.24542,18.19443,18.23644,752,301,1,304,3287650894262331392,STAR,-0.00078254,2920,54562,84
1237648702969217078,189.7229391,-1.103270932,18.66,17.3343,16.82832,16.62553,16.5419,752,301,1,308,3259492951314688000,STAR,-0.000298371,2895,54567,46
1237648702969217081,189.7267668,-1.125126478,17.96154,16.40662,15.84876,15.63234,15.5385,752,301,1,308,3259493501070501888,STAR,-3.72E-05,2895,54567,48
1237648702969217196,189.7313411,-1.087711357,19.45893,18.10496,17.56411,17.35455,17.24796,752,301,1,308,3259494050826315776,STAR,0.000231304,2895,54567,50
1237648702969282773,189.7873637,-1.09644449,19.33115,18.04402,17.49879,17.20448,17.00467,752,301,1,309,326512929694312448,GALAXY,0.04829505,290,51941,7
1237648703509364914,197.2166058,-0.690804008,17.9044,16.8249,16.4512,16.31474,16.27079,752,301,2,358,8394823617733744640,STAR,-0.00018081,7456,56727,414
1237648703509364817,197.2306183,-0.801618891,18.58268,15.26611,14.36209,19.95104,13.60214,752,301,2,358,331029174460377088,GALAXY,0.01906901,294,51986,53
1237648703509364815,197.2088018,-0.817319435,15.93799,13.99257,13.07748,12.59386,12.25992,752,301,2,358,331029724216190976,GALAXY,0.01794305,294,51986,55
1237648703509364766,197.1404392,-0.828081171,19.30667,17.92364,17.41146,17.22138,17.15246,752,301,2,358,8394824992123279360,STAR,0.000256546,7456,56727,419
1237648703509364756,197.1393991,-0.674457114,16.27727,15.23708,14.99047,14.91671,14.93961,752,301,2,358,3266318171170170880,STAR,-8.42E-05,2901,54652,300
1237648703509364747,197.1196055,-0.674947073,19.08087,17.8341,17.30579,17.10842,16.98787,752,301,2,358,8394834063094208512,STAR,-0.000342238,7456,56727,452
1237648703509299311,197.0789587,-0.641182811,18.12189,16.95861,16.57106,16.41735,16.40597,752,301,2,357,8394826091634907136,STAR,0.000205975,7456,56727,423
1237648703509299307,197.0580257,-0.719109519,17.59508,16.06906,15.53758,15.32022,15.26184,752,301,2,357,3266313223367845888,STAR,-0.000134052,2901,54652,282
1237648703509299213,196.947324,-0.675897071,18.65549,17.18102,16.64088,16.45477,16.36426,752,301,2,357,8394834612850022400,STAR,7.508232E-05,7456,56727,454
1237648703509233701,196.90942,-0.759383936,16.68255,15.16025,14.66123,14.50276,14.46311,752,301,2,356,3266313773123659776,STAR,-7.74E-05,2901,54652,284
1237648703509233682,196.8570676,-0.75714301,19.04927,18.70933,18.73488,18.53902,18.46357,752,301,2,356,331050614937118720,QSO,0.4900174,294,51986,131
1237648703509233675,196.8547387,-0.77610164,16.07907,14.85338,14.47997,14.35067,14.34697,752,301,2,356,3266313498245752832,STAR,-3.31E-05,2901,54652,283
1237648703510937836,200.8073731,-0.682024498,18.82022,17.77765,17.38575,17.11128,16.9354,752,301,2,382,334473669059307520,GALAXY,0.08636355,297,51959,296
1237648703510937644,200.7691076,-0.649035401,18.88275,18.6972,18.33706,17.8896,17.82211,752,301,2,382,4560011264882137088,QSO,1.825844,4050,55599,424
1237648703510937627,200.7326986,-0.753989998,18.54476,17.41752,16.95872,16.76081,16.65555,752,301,2,382,3723380212369563648,STAR,-2.88E-05,3307,54970,106
1237648703510872234,200.589488,-0.801395808,18.94601,17.41685,16.66702,16.26281,15.96437,752,301,2,381,333294993013762048,GALAXY,0.09293688,296,51984,104
1237648703510872217,200.5646306,-0.631889212,19.09698,18.2434,17.99472,17.87978,17.78229,752,301,2,381,333294168380041216,GALAXY,0.02321945,296,51984,101
1237648703510872155,200.6507991,-0.732330476,17.98891,16.71273,16.27865,16.15627,16.11309,752,301,2,381,3723380487247470592,STAR,-4.87E-05,3307,54970,107
1237648703510872153,200.6500015,-0.820099139,18.63367,18.32343,18.0039,17.90613,17.80887,752,301,2,381,333297741792831488,QSO,1.136832,296,51984,114
1237648703510872090,200.5762333,-0.631802108,18.85772,17.92864,17.55096,17.41381,17.34662,752,301,2,381,3723394780898631680,STAR,-0.000110984,3307,54970,159
1237648703511003433,200.9549281,-0.72321269,18.92616,17.56431,16.88419,16.51289,16.21638,752,301,2,383,333273827414927360,GALAXY,0.07561398,296,51984,27
1237648703510806645,200.3998447,-0.698468978,19.57293,17.80079,16.85184,16.44499,16.08537,752,301,2,380,333306263007946752,GALAXY,0.1031448,296,51984,145
1237648703510806562,200.4174796,-0.694027331,18.4819,17.15052,16.60034,16.38182,16.26868,752,301,2,380,3723392306997469184,STAR,-0.0002554,3307,54970,150
1237648703511068718,201.0186386,-0.741339859,18.94727,17.78994,17.38396,17.24338,17.19854,752,301,2,384,334461849309308928,STAR,-7.36E-05,297,51959,253
1237648703511068873,201.0939788,-0.649409266,19.25236,17.58337,16.84414,16.48812,16.20908,752,301,2,384,333272178147485696,GALAXY,0.06314352,296,51984,21
1237648703510741163,200.2962497,-0.666406121,18.95353,17.18663,16.22161,15.8263,15.45577,752,301,2,379,334475868082563072,GALAXY,0.1052835,297,51959,304
1237648703510741063,200.3560187,-0.693402813,18.36184,16.39597,15.3519,14.93139,14.5773,752,301,2,379,334474768570935296,GALAXY,0.1084233,297,51959,300
1237648703510741061,200.3595333,-0.687556334,18.53701,16.47889,15.43553,15.02695,14.66634,752,301,2,379,333307362519574528,GALAXY,0.1067754,296,51984,149
1237648703510741008,200.2815431,-0.809820845,19.11905,18.01543,17.55057,17.37155,17.31052,752,301,2,379,3723388458706771968,STAR,0.000696988,3307,54970,136
1237648703511134249,201.1969395,-0.77969742,18.36113,17.29654,16.85842,16.67448,16.59751,752,301,2,385,3723371141398634496,STAR,3.501208E-05,3307,54970,73
1237648703511134269,201.2096963,-0.651584002,18.95345,17.58677,17.01537,16.8106,16.72902,752,301,2,385,3723371691154448384,STAR,-4.92E-05,3307,54970,75
1237648703511134284,201.2460717,-0.782102059,19.13547,18.12086,17.77605,17.61932,17.55656,752,301,2,385,3723357122625380352,STAR,0.00053687,3307,54970,22
1237648703511134286,201.24795,-0.70667386,18.10645,16.507,15.86744,15.63199,15.51139,752,301,2,385,3723359321648635904,STAR,6.661298E-05,3307,54970,30
1237648703510675567,200.0857278,-0.717913839,19.1641,17.52173,16.77131,16.48275,16.30939,752,301,2,378,3723396979921887232,STAR,0.000185119,3307,54970,167
1237648703510675490,200.1304624,-0.75925279,17.68721,16.31573,15.73968,15.51075,15.3992,752,301,2,378,3723387084317237248,STAR,0.000532296,3307,54970,131
1237648703510610093,200.0181577,-0.741004006,17.71284,16.26743,15.61815,15.26946,14.99411,752,301,2,377,333320556659107840,GALAXY,0.03384244,296,51984,197
1237648703510609973,200.0176183,-0.791171646,17.30007,16.02926,16.2114,16.33109,16.42982,752,301,2,377,3723409349427699712,STAR,0.001118318,3307,54970,212
1237648703511199813,201.3766169,-0.766326243,18.10976,17.05987,17.01607,17.04675,17.10148,752,301,2,386,3723358222137008128,STAR,-0.000106515,3307,54970,26
1237648703511199820,201.3878577,-0.798937741,18.42445,17.36639,16.9239,16.72463,16.66789,752,301,2,386,3723358497014915072,STAR,-0.000152691,3307,54970,27
1237648703511265301,201.4657796,-0.679013029,18.31541,16.32926,15.37976,14.93105,14.5716,752,301,2,387,334428314204661760,GALAXY,0.05488715,297,51959,131
1237648703511265325,201.4837561,-0.70239035,18.40463,16.78039,16.13863,15.83869,15.60236,752,301,2,387,334429138838382592,GALAXY,0.05567088,297,51959,134
1237648703511265338,201.5132314,-0.829608189,18.9483,17.5044,16.89813,16.62924,16.49983,752,301,2,387,3723358771892822016,STAR,0.000737789,3307,54970,28
1237648703511265430,201.4355032,-0.646959459,17.77556,16.35466,15.66237,15.28914,14.98384,752,301,2,387,334444257123264512,GALAXY,0.05450195,297,51959,189
1237648703511265441,201.435268,-0.656186219,19.5109,18.49565,18.26034,18.17274,18.13611,752,301,2,387,3723357397503287296,STAR,0.000269321,3307,54970,23
1237648703510479113,199.7580985,-0.662214347,19.4775,17.51512,16.55689,16.11598,15.75708,752,301,2,375,333331276897478656,GALAXY,0.08462463,296,51984,236
1237648703510479093,199.7441782,-0.628544549,18.62936,16.77869,15.84116,15.40949,15.08547,752,301,2,375,333332101531199488,GALAXY,0.08023216,296,51984,239
1237648703510479071,199.7139132,-0.630841329,19.28362,17.94644,17.17981,16.78845,16.48194,752,301,2,375,333331002019571712,GALAXY,0.1146443,296,51984,235
1237648703511265449,201.4473512,-0.706750868,18.43008,17.22846,16.7045,16.35083,16.15969,752,301,2,387,334429963472103424,GALAXY,0.0551175,297,51959,137
1237648703511330928,201.5934378,-0.816574578,18.43241,17.15506,16.61828,16.32065,16.11701,752,301,2,388,334430238350010368,GALAXY,0.04305437,297,51959,138
1237648703511330955,201.6461211,-0.768314878,19.20045,18.17965,17.82482,17.48602,17.3702,752,301,2,388,334417319088384000,GALAXY,0.06703886,297,51959,91
1237648702971052268,193.8843761,-1.102436978,19.49917,19.31428,19.17209,18.86547,18.91752,752,301,1,336,329957145640462336,QSO,1.791887,293,51689,249
1237648702968168664,187.2797088,-1.193379226,18.93713,17.91322,17.55963,17.36401,17.20185,752,301,1,292,325397750847924224,GALAXY,0.0320312,289,51990,46
1237648702968168681,187.3183342,-1.062051098,18.60415,16.66522,15.73765,15.3303,14.97645,752,301,1,292,325398300603738112,GALAXY,0.08042388,289,51990,48
1237648702968299550,187.5534736,-1.098177489,19.00497,18.83137,18.55205,18.62111,18.52743,752,301,1,294,325399125237458944,QSO,1.016767,289,51990,51
1237648702968299615,187.5317213,-1.159701508,18.55046,17.50105,17.01066,16.70494,16.5112,752,301,1,294,325397201092110336,GALAXY,0.07150065,289,51990,44
1237648702968299669,187.5927449,-1.153357713,19.38898,17.97082,17.23584,16.87221,16.57838,752,301,1,294,325388130121181184,GALAXY,0.09209978,289,51990,11
1237648702968365114,187.7846627,-1.243987088,17.80634,17.76313,17.95942,18.12879,18.24596,752,301,1,295,376205358584064000,STAR,0.000286712,334,51993,563
1237648702968430779,187.9482129,-1.05807345,19.05137,18.01086,17.68808,17.44423,17.38686,752,301,1,296,326592094531512320,GALAXY,0.08321483,290,51941,295
1237648702968561678,188.1338896,-1.146252792,18.3418,16.95515,16.40951,16.24108,16.09945,752,301,1,298,3259562770303051776,STAR,5.08847E-06,2895,54567,300
1237648702968561718,188.1712072,-1.190969922,17.96837,16.8683,16.47369,16.34019,16.24966,752,301,1,298,3287710267890231296,STAR,-9.36E-07,2920,54562,300
1237648702968561805,188.2104313,-1.060431097,19.16367,17.25481,16.35124,15.96928,15.64421,752,301,1,298,326588795996628992,GALAXY,0.07196455,290,51941,283
1237648702968627207,188.2684041,-1.102205471,18.60147,17.29202,16.78694,16.58411,16.46823,752,301,1,299,3259547377140262912,STAR,0.0001586,2895,54567,244
1237648702968627223,188.3153354,-1.085287447,18.55254,17.59738,17.23129,17.07499,16.99711,752,301,1,299,3259549851041425408,STAR,8.243211E-05,2895,54567,253
1237648702968627227,188.3188715,-1.246636444,16.04291,15.1052,14.74819,14.60099,14.53189,752,301,1,299,3259546827384449024,STAR,3.589147E-05,2895,54567,242
1237648702971576379,195.0121655,-1.100488151,18.30898,18.18858,17.94398,18.0656,17.34446,752,301,1,344,329913714931165184,QSO,0.3071993,293,51689,91
1237648702971576434,195.118173,-1.20805768,18.44717,17.4883,17.21352,17.10561,17.10113,752,301,1,344,329900520791631872,STAR,0.000397275,293,51689,43
1237648702968758384,188.6212373,-1.194891022,18.09639,16.77439,16.26546,16.0649,15.97958,752,301,1,301,3287687727901861888,STAR,-0.000128913,2920,54562,218
1237648702968758386,188.6283121,-1.138641058,18.28056,16.9521,16.42905,16.21359,16.12034,752,301,1,301,3259540230314682368,STAR,8.088591E-05,2895,54567,218
1237648702968758406,188.6564439,-1.086976141,17.47234,16.18387,15.75844,15.60328,15.52496,752,301,1,301,3259540505192589312,STAR,0.000178783,2895,54567,219
1237648702968758435,188.6913059,-1.245091486,17.01984,15.61153,15.0728,14.86349,14.75378,752,301,1,301,3259540780070496256,STAR,0.000285572,2895,54567,220
1237648702968758440,188.7047571,-1.087919809,17.97357,16.44745,15.88542,15.69061,15.58625,752,301,1,301,3259535832268171264,STAR,2.988649E-05,2895,54567,202
1237648702968758479,188.6599167,-1.123388169,19.41487,18.08963,17.43689,17.04197,16.77868,752,301,1,301,326567080641980416,GALAXY,0.09138028,290,51941,204
1237648702968758495,188.7046658,-1.076598818,19.54626,17.49681,16.51568,16.06805,15.72601,752,301,1,301,326567355519887360,GALAXY,0.09154467,290,51941,205
1237648702968823812,188.7059299,-1.159852028,17.26858,16.41963,16.1088,15.9773,15.91213,752,301,1,302,3259538581047240704,STAR,0.000234561,2895,54567,212
1237648702968823846,188.745659,-1.096503324,16.25073,14.79144,14.25718,14.07827,13.97944,752,301,1,302,3259536382023985152,STAR,0.000210253,2895,54567,204
1237648702968823852,188.7520354,-1.148527829,15.24597,14.05953,14.26452,14.40888,14.48795,752,301,1,302,3259537206657705984,STAR,0.00038197,2895,54567,207
1237648702968823922,188.7940944,-1.129360889,19.47732,18.79965,18.70529,18.61144,18.55849,752,301,1,302,4253847847605393408,QSO,2.791397,3778,55213,720
1237648702968954925,189.0874439,-1.198249571,18.88655,17.66059,17.13506,16.9168,16.78931,752,301,1,304,3259514391791429632,STAR,0.000179918,2895,54567,124
1237648702968954927,189.1018395,-1.163935688,17.92752,16.43804,15.90246,15.68707,15.55431,752,301,1,304,3259517415448406016,STAR,-6.50E-05,2895,54567,135
1237648702969020423,189.186505,-1.160260227,17.08427,16.18256,15.89898,15.79041,15.76175,752,301,1,305,3259504771064686592,STAR,-8.73E-05,2895,54567,89
1237648702969020468,189.2278021,-1.110584993,17.26783,16.32775,16.06142,15.96237,15.9292,752,301,1,305,3259503946430965760,STAR,0.000324528,2895,54567,86
1237648702969085987,189.3934747,-1.245805743,19.51247,17.37997,16.26953,15.82261,15.44468,752,301,1,306,326526948467566592,GALAXY,0.1353512,290,51941,58
1237648702969086027,189.3369054,-1.220830042,19.52253,19.1964,19.10571,18.96662,18.68589,752,301,1,306,4253871487105390592,QSO,2.161989,3778,55213,806
1237648702968103032,187.0824557,-1.127669,19.14128,17.77446,16.97824,16.54589,16.24173,752,301,1,291,325423589371176960,GALAXY,0.1144965,289,51990,140
1237648702969086082,189.4411237,-1.238126485,19.13066,16.96537,15.83757,15.37381,14.99868,752,301,1,306,326523100176869376,GALAXY,0.1353116,290,51941,44
1237648702969151490,189.4862631,-1.219591904,18.82809,17.28069,16.63373,16.36361,16.22053,752,301,1,307,3287651444018145280,STAR,0.000116505,2920,54562,86
1237648702969151492,189.4868728,-1.106176527,18.83208,17.71637,17.32203,17.19495,17.1536,752,301,1,307,326525574078031872,STAR,0.000307386,290,51941,53
1237648702969151537,189.5541579,-1.149130298,18.08561,16.70892,16.1805,15.9759,15.88361,752,301,1,307,3259491576925153280,STAR,0.000470151,2895,54567,41
1237648702969151574,189.5991623,-1.14173331,17.39218,15.92385,15.34325,15.10579,14.98749,752,301,1,307,3259491851803060224,STAR,0.000109464,2895,54567,42
1237648702969151607,189.4960431,-1.126123227,19.46755,18.176,17.66253,17.4744,17.3691,752,301,1,307,3259506420332128256,STAR,0.000113182,2895,54567,95
1237648702969151621,189.5131228,-1.225419452,19.44579,18.17813,17.67899,17.5083,17.38359,752,301,1,307,3259493226192594944,STAR,8.644287E-05,2895,54567,47
1237648702969282601,189.8317943,-1.148353244,18.04257,16.96109,16.56489,16.42676,16.37021,752,301,1,309,326511555304777728,STAR,0.000463727,290,51941,2
1237648702969282624,189.8741504,-1.052399697,17.77382,16.28074,15.68143,15.48233,15.35842,752,301,1,309,3259495974971664384,STAR,1.275304E-05,2895,54567,57
1237648702972559384,197.3086752,-1.201931015,19.0498,18.3845,18.10804,17.87833,17.80309,752,301,1,359,3294451099859183616,QSO,1.451206,2926,54625,247
1237648702972559386,197.3100413,-1.116677116,17.09163,15.73196,15.22527,15.04325,14.9832,752,301,1,359,3266305526786451456,STAR,-0.000149122,2901,54652,254
1237648702972559440,197.3711213,-1.182812456,15.78534,14.84188,14.47688,14.3337,14.30313,752,301,1,359,3294451374737090560,STAR,-0.000299698,2926,54625,248
1237648702969348153,189.9991552,-1.1791442,18.56572,18.24196,18.18905,18.34005,18.22104,752,301,1,310,327716344952809472,QSO,0.8194972,291,51928,289
1237648702969348231,189.9908639,-1.095930749,19.42049,19.2464,18.90455,19.0018,18.84396,752,301,1,310,327718269098158080,QSO,1.055812,291,51928,296
1237648702972559538,197.3531953,-1.065897879,18.3989,17.61149,17.3524,17.08966,17.05099,752,301,1,359,332218846024853504,GALAXY,0.07514119,295,51985,285
1237648702969413718,190.1053652,-1.117597796,18.45327,16.64535,15.75609,15.3017,14.96077,752,301,1,311,327705074958624768,GALAXY,0.07157665,291,51928,248
1237648702972559541,197.3647083,-1.061415616,18.26448,16.6562,15.8313,15.35966,15.03571,752,301,1,359,331017629588285440,GALAXY,0.07483354,294,51986,11
1237648702970593285,192.7486924,-1.067929672,19.27777,19.22631,19.02135,18.9594,18.9914,752,301,1,329,328788088560052224,QSO,1.361167,292,51609,92
1237648702970593338,192.8203447,-1.186156817,17.8331,16.73139,16.71656,16.76817,16.83685,752,301,1,329,328786989048424448,STAR,0.000540014,292,51609,88
1237648702970593481,192.8632009,-1.050100993,19.23724,17.32182,16.33003,15.90236,15.5473,752,301,1,329,328788913193773056,GALAXY,0.09414652,292,51609,95
1237648702970658840,192.9424574,-1.106188869,18.4084,17.40799,17.02112,16.86436,16.79816,752,301,1,330,379575911546120192,STAR,-0.000298682,337,51997,537
1237648702970658854,192.9940212,-1.107205625,19.25348,18.83999,19.0125,18.76279,18.62778,752,301,1,330,328776543687960576,QSO,0.5266581,292,51609,50
1237648702970659049,193.0295323,-1.059919873,19.33329,18.15986,17.60607,17.28422,17.05248,752,301,1,330,328775444176332800,GALAXY,0.0874192,292,51609,46
1237648702970790126,193.2406466,-1.085410432,19.41435,18.48592,18.15052,18.05567,17.94895,752,301,1,332,4334815889948170240,STAR,-6.21E-05,3850,55575,368
1237648702970921027,193.545259,-1.068993871,17.46443,17.40652,17.83769,18.13309,18.41715,752,301,1,334,4271828711479990272,STAR,0.000214785,3794,55241,598
1237648702970921160,193.5840198,-1.075630243,18.13472,16.94623,16.47528,16.17266,15.95659,752,301,1,334,329967865878833152,GALAXY,0.0575485,293,51689,288
1237648702970986558,193.7429379,-1.134605625,17.43625,16.24241,16.34859,16.46295,16.54823,752,301,1,335,329969515146274816,STAR,-0.000117795,293,51689,294
1237648702970986612,193.6642691,-1.083208042,19.21338,18.12254,17.70387,17.39674,17.24318,752,301,1,335,329967591000926208,GALAXY,0.07079878,293,51689,287
1237648702972690608,197.6630798,-1.109787691,19.38302,18.31566,17.71927,17.34785,17.14929,752,301,1,361,332221594803922944,GALAXY,0.1185975,295,51985,295
1237648702972690616,197.6709023,-1.24936436,18.98242,17.70605,16.9146,16.47284,16.1665,752,301,1,361,382910455317817344,GALAXY,0.1410411,340,51990,380
1237648702971183162,194.1848649,-1.179311211,17.92579,16.69472,16.25422,16.11347,16.03773,752,301,1,338,380655901759006720,STAR,-5.27E-05,338,51694,370
1237648702971183175,194.2222862,-1.068134274,16.52434,15.53464,15.36927,15.32968,15.35854,752,301,1,338,329943951500929024,STAR,0.000142471,293,51689,201
1237648702968103043,187.0863505,-1.067592534,18.7363,17.24314,16.53551,16.12133,15.79994,752,301,1,291,325420290836293632,GALAXY,0.0803081,289,51990,128
1237648702968103061,187.1113285,-1.128866673,18.16946,16.7555,16.07469,15.70018,15.44349,752,301,1,291,325412044499085312,GALAXY,0.07249907,289,51990,98
1237648702971248723,194.3365598,-1.052505373,18.47978,18.05801,18.17701,18.31759,18.50168,752,301,1,339,329946700279998464,STAR,1.120877E-06,293,51689,211
1237648702971248801,194.3236023,-1.140575456,19.25964,17.29641,16.32573,15.89694,15.52346,752,301,1,339,329944226378835968,GALAXY,0.09659571,293,51689,202
1237648702972755991,197.7328975,-1.218127611,18.53201,16.7881,16.07663,15.7843,15.63528,752,301,1,362,8394799978233747456,STAR,6.544802E-05,7456,56727,328
1237648702972756002,197.7454753,-1.068460974,17.97117,16.97797,16.66794,16.54016,16.53341,752,301,1,362,8394798328966305792,STAR,-0.000113095,7456,56727,322
1237648702972756030,197.789656,-1.104898454,16.96837,15.52211,15.01767,14.81456,14.73005,752,301,1,362,3266293157280638976,STAR,2.08643E-05,2901,54652,209
1237648702972756106,197.7700388,-1.241676576,18.62551,17.23164,16.55932,16.1805,15.91817,752,301,1,362,382919801166653440,GALAXY,0.06380931,340,51990,414
1237648702972756128,197.8258441,-1.204112078,19.5941,17.75716,16.83972,16.42016,16.09814,752,301,1,362,332211424321366016,GALAXY,0.08292848,295,51985,258
1237648702971314371,194.4189783,-1.156967164,19.55743,18.30496,17.63067,17.25498,17.011,752,301,1,340,329948074669533184,GALAXY,0.1210314,293,51689,216
1237648702972821508,197.8480929,-1.090669388,18.15132,16.74434,16.20806,16.01938,15.939,752,301,1,363,8394790632384911360,STAR,-1.94E-05,7456,56727,294
1237648702972821513,197.8588674,-1.116233151,16.67522,15.69003,15.37462,15.23484,15.19666,752,301,1,363,3266296180937615360,STAR,0.000171191,2901,54652,220
1237648702972821519,197.8616756,-1.057801826,18.7898,17.45227,16.88263,16.63431,16.4868,752,301,1,363,8394787058972121088,STAR,-8.78E-05,7456,56727,281
1237648702972821526,197.8751334,-1.139433124,19.05042,17.34252,16.68737,16.44467,16.34096,752,301,1,363,8394787333850028032,STAR,-0.000145626,7456,56727,282
1237648702972821531,197.8792863,-1.058977176,18.78144,18.7432,18.4727,18.41987,18.49169,752,301,1,363,332208125786482688,QSO,1.302879,295,51985,246
1237648702972821548,197.9080356,-1.10700872,19.09332,18.1673,17.7877,17.62732,17.59123,752,301,1,363,8394788708239562752,STAR,0.000245556,7456,56727,287
1237648702972821572,197.9243961,-1.061991237,18.39058,16.48621,15.60406,15.18717,14.87708,752,301,1,363,332211974077179904,GALAXY,0.063648,295,51985,260
1237648702972821573,197.9281492,-1.063150063,19.20897,18.06102,17.6359,17.47306,17.40675,752,301,1,363,8394787608727934976,STAR,0.00012498,7456,56727,283
1237648702972821576,197.9311725,-1.237801958,18.34524,16.6413,15.97324,15.71729,15.58998,752,301,1,363,8394787883605841920,STAR,6.822751E-05,7456,56727,284
1237648702972821583,197.9364417,-1.204485835,17.94349,16.91507,16.82767,16.83574,16.88419,752,301,1,363,8394788983117469696,STAR,4.654909E-05,7456,56727,288
1237648702972821696,197.9088519,-1.057697214,18.29749,16.85361,16.17976,15.80544,15.52423,752,301,1,363,332207576030668800,GALAXY,0.06387816,295,51985,244
1237648702972821717,197.9665334,-1.240479087,18.87784,17.12321,16.23688,15.86147,15.5801,752,301,1,363,382929971649210368,GALAXY,0.0975197,340,51990,451
1237648702972821724,197.9696927,-1.202853668,18.51942,16.74492,15.84739,15.40354,15.0956,752,301,1,363,332197405548111872,GALAXY,0.08403751,295,51985,207
1237648702972887077,198.0700191,-1.119720815,19.51545,17.5336,16.54985,16.09873,15.74464,752,301,1,364,332196855792297984,GALAXY,0.08610872,295,51985,205
1237648702972887110,197.9922409,-1.177603225,18.39317,17.28114,16.81574,16.47314,16.32967,752,301,1,364,332197130670204928,GALAXY,0.08500416,295,51985,206
1237648702972887116,197.9981221,-1.135066193,19.10206,17.08959,16.10446,15.67268,15.322,752,301,1,364,332197955303925760,GALAXY,0.08757104,295,51985,209
1237648702972887155,198.03618,-1.119481179,19.43923,19.14275,18.95276,19.10935,19.01275,752,301,1,364,332200978960902144,QSO,0.8053297,295,51985,220
1237648702972887169,198.0519971,-1.095129913,18.84993,17.14941,16.71698,16.45049,16.33658,752,301,1,364,332196580914391040,GALAXY,0.04086484,295,51985,204
1237648702971379824,194.6567615,-1.134768719,18.94182,18.06802,17.81532,17.71232,17.67147,752,301,1,341,4561155302335207424,STAR,0.000506134,4051,55337,490
1237648702972887251,198.1356449,-1.150869859,18.25835,17.06818,16.49796,16.11042,15.91178,752,301,1,364,332178988728346624,GALAXY,0.08569794,295,51985,140
1237648702972887329,198.0937569,-1.206233754,19.5478,18.23257,17.61664,17.23762,17.07785,752,301,1,364,332175965071370240,GALAXY,0.08769291,295,51985,129
1237648702971445256,194.6960999,-1.169375769,17.1903,15.92763,15.47807,15.30211,15.21828,752,301,1,342,329922511024187392,STAR,6.488022E-05,293,51689,123
1237648702971445297,194.7700865,-1.145413564,18.58253,17.76092,17.51075,17.68068,17.38359,752,301,1,342,329915364198606848,STAR,9.043571E-05,293,51689,97
1237648702971445443,194.7651291,-1.223581146,19.32233,17.6064,16.83596,16.35945,16.04258,752,301,1,342,329911790785816576,GALAXY,0.08306821,293,51689,84
1237648702972952590,198.1938093,-1.196164321,17.85262,16.92775,16.6905,16.58901,16.57396,752,301,1,365,8394776888489564160,STAR,0.000243083,7456,56727,244
1237648702972952592,198.1959435,-1.237224425,17.0537,16.05111,15.6892,15.55205,15.50586,752,301,1,365,8394776338733750272,STAR,-4.47E-05,7456,56727,242
1237648702972952617,198.2355159,-1.233356086,18.98104,17.97402,17.64947,17.519,17.49702,752,301,1,365,332167443856254976,STAR,9.138618E-05,295,51985,98
1237648702972952625,198.2534627,-1.239772874,18.94641,17.90936,17.43014,17.23444,17.15149,752,301,1,365,8394768642152355840,STAR,0.000539001,7456,56727,214
1237648702972952644,198.2789762,-1.060391662,18.43652,16.15406,15.13275,14.76507,14.56406,752,301,1,365,3266259897053898752,STAR,-8.78E-05,2901,54652,88
1237648702972952667,198.1405855,-1.091873724,19.42603,17.52067,16.64694,16.24114,15.91174,752,301,1,365,332178713850439680,GALAXY,0.08504208,295,51985,139
1237648702971445451,194.7759983,-1.091042467,18.74881,17.56836,17.01028,16.62325,16.40176,752,301,1,342,329911241030002688,GALAXY,0.08065153,293,51689,82
1237648702972952678,198.1487956,-1.12174783,19.17413,17.21237,16.19915,15.75145,15.3915,752,301,1,365,332175140437649408,GALAXY,0.1087171,295,51985,126
1237648702972952683,198.1541148,-1.197508914,17.4677,15.9797,15.18428,14.77405,14.48412,752,301,1,365,332174315803928576,GALAXY,0.08540002,295,51985,123
1237648702972952722,198.1836791,-1.134032464,18.98141,17.24249,16.55521,16.1615,15.86302,752,301,1,365,332175690193463296,GALAXY,0.04052293,295,51985,128
1237648702971510890,194.9322535,-1.143074217,18.79118,17.93596,17.59837,17.46024,17.37925,752,301,1,343,4271937013375326208,STAR,-0.000326997,3794,55241,992
1237648702971510924,194.9607756,-1.191178375,19.0487,17.94286,17.42202,17.07708,16.92585,752,301,1,343,329912340541630464,GALAXY,0.08781853,293,51689,86
1237648702971511000,194.971221,-1.148891842,18.99972,17.68662,16.98457,16.55949,16.30975,752,301,1,343,329912065663723520,GALAXY,0.1220017,293,51689,85
1237648702971576331,195.0070474,-1.174473225,15.84217,14.70726,14.31117,14.17002,14.11517,752,301,1,344,380708678317139968,STAR,-0.000237856,338,51694,562
1237648702972952732,198.1875882,-1.200621811,18.50284,16.74405,15.93957,15.53509,15.2221,752,301,1,365,332176239949277184,GALAXY,0.084401,295,51985,130
1237648702971576485,195.0631855,-1.229862841,19.10684,18.09201,17.70218,17.41286,17.33062,752,301,1,344,329903544448608256,GALAXY,0.08854663,293,51689,54
1237648702971576563,195.1164957,-1.066113271,19.59284,18.27616,17.27204,16.79358,16.46181,752,301,1,344,329901895181166592,GALAXY,0.2002893,293,51689,48
1237648702971641981,195.2517283,-1.049723777,17.65878,16.59528,16.56591,16.65592,16.71387,752,301,1,345,329902719814887424,STAR,-0.000193614,293,51689,51
1237648702972952789,198.2674824,-1.225403649,19.2774,17.72449,16.99597,16.60364,16.37337,752,301,1,365,382952786515486720,GALAXY,0.08353332,340,51990,534
1237648702973018130,198.2950739,-1.066607863,18.42061,17.51881,17.28811,17.20321,17.18052,752,301,1,366,8394766443129100288,STAR,0.000375244,7456,56727,206
1237648702973018152,198.3801449,-1.231888925,18.88758,17.3888,16.76988,16.52887,16.40736,752,301,1,366,8394754898257008640,STAR,-0.000300854,7456,56727,164
1237648702973018244,198.3171553,-1.061850261,19.35304,18.2977,17.80986,17.5964,17.51266,752,301,1,366,8394765618495379456,STAR,-3.55E-05,7456,56727,203
1237648702971642125,195.2270318,-1.224238239,19.44228,18.28106,17.88043,17.59682,17.48162,752,301,1,345,329900245913724928,GALAXY,0.04734872,293,51689,42
1237648702973018253,198.3321737,-1.155932576,18.7485,17.50074,16.82586,16.4685,16.21427,752,301,1,366,332163870443464704,GALAXY,0.1177969,295,51985,85
1237648702971707443,195.3703365,-1.113002908,16.78847,15.62112,15.76536,15.89382,16.00243,752,301,1,346,329891449820702720,STAR,0.00051861,293,51689,10
1237648702973018270,198.3572824,-1.126231483,18.83123,17.16303,16.30308,15.9039,15.60196,752,301,1,366,332165244832999424,GALAXY,0.084243,295,51985,90
1237648702973018278,198.3669996,-1.211223092,19.11704,18.00053,17.37815,16.98368,16.77066,752,301,1,366,332164695077185536,GALAXY,0.109092,295,51985,88
1237648702973018313,198.411992,-1.107010579,19.33042,17.95185,17.43846,17.27088,17.16031,752,301,1,366,8394756272646543360,STAR,0.000337601,7456,56727,169
1237648702971707518,195.3335393,-1.192719374,19.51471,17.64045,16.58164,16.13198,15.80233,752,301,1,346,329889800553261056,GALAXY,0.1594214,293,51689,4
1237648702971772953,195.4500891,-1.209727932,18.64645,17.73402,17.38428,17.26009,17.20072,752,301,1,347,4561126165277071360,STAR,-3.60E-05,4051,55337,384
1237648702971773002,195.4740908,-1.236407934,17.96637,17.92733,17.89998,17.69309,17.65894,752,301,1,347,4561116269672421376,QSO,1.717567,4051,55337,348
1237648702971838498,195.6080681,-1.086437342,18.93279,18.19955,17.45069,17.04603,16.84932,752,301,1,348,331096794425485312,GALAXY,0.2346111,294,51986,299
1237648702973083686,198.4511265,-1.076762868,17.22177,16.21554,15.87884,15.75844,15.72684,752,301,1,367,8394755722890729472,STAR,-0.00024488,7456,56727,167
1237648702973083702,198.4606415,-1.110411322,18.66145,17.39196,16.85702,16.6595,16.54296,752,301,1,367,8394755173134915584,STAR,-0.000566005,7456,56727,165
1237648702971904006,195.7451457,-1.121271096,16.69267,15.82731,15.56994,15.46893,15.44824,752,301,1,349,4561103625288701952,STAR,0.000511297,4051,55337,302
1237648702971904079,195.8049127,-1.183471739,19.03552,18.87321,18.79952,18.60337,18.60401,752,301,1,349,331094045646415872,QSO,1.552162,294,51986,289
1237648702971904087,195.82599,-1.135201804,18.04175,16.89012,16.49064,16.33643,16.28172,752,301,1,349,331091846623160320,STAR,1.03718E-05,294,51986,281
1237648702971904200,195.8852107,-1.180543518,18.31154,16.87743,16.13008,15.74599,15.47091,752,301,1,349,331081401262696448,GALAXY,0.08640127,294,51986,243
1237648702971969822,195.9757469,-1.237377958,19.40539,18.27197,17.75757,17.41528,17.19035,752,301,1,350,331081126384789504,GALAXY,0.0862124,294,51986,242
1237648702972100644,196.2429585,-1.090580506,18.96537,17.16834,16.25683,15.84601,15.5453,752,301,1,352,331070681024325632,GALAXY,0.08610736,294,51986,204
1237648702972100785,196.2400315,-1.230064947,19.39415,19.11256,18.78042,18.53037,18.23561,752,301,1,352,381793621382293504,QSO,0.4322039,339,51692,413
1237648702972100793,196.2597202,-1.178618785,18.26495,16.64751,15.81328,15.40071,15.10626,752,301,1,352,331072330291767296,GALAXY,0.08573217,294,51986,210
1237648702973083812,198.497635,-1.214637331,19.28685,17.97211,17.41433,17.03592,16.86382,752,301,1,367,382951412125952000,GALAXY,0.08255296,340,51990,529
1237648702973083832,198.5265424,-1.205131299,19.49105,17.90884,17.05826,16.67343,16.3508,752,301,1,367,332164145321371648,GALAXY,0.1108853,295,51985,86
1237648702973083889,198.4500928,-1.12644572,19.46808,18.20019,17.58722,17.27921,17.03558,752,301,1,367,332166344344627200,GALAXY,0.08207345,295,51985,94
1237648702972166201,196.4856699,-1.227722364,18.92993,17.81862,17.4717,17.28546,17.19509,752,301,1,353,331071230780139520,STAR,0.000286967,294,51986,206
1237648702973149195,198.5852412,-1.220396899,18.60866,17.62259,17.29832,17.16319,17.12656,752,301,1,368,8394754348501194752,STAR,0.000443094,7456,56727,162
1237648702973149209,198.5924121,-1.108394501,17.2719,16.17079,15.7618,15.60346,15.55754,752,301,1,368,8394746651919800320,STAR,-3.81E-06,7456,56727,134
1237648703510347945,199.4258513,-0.787067702,18.67419,17.77018,17.37808,16.99777,16.9452,752,301,2,373,333351892740499456,GALAXY,0.1101486,296,51984,311
1237648703510347897,199.4086671,-0.750387891,18.0081,16.53713,15.92299,15.65066,15.5205,752,301,2,373,3723419519910256640,STAR,0.000911141,3307,54970,249
1237648703510347895,199.405184,-0.817757322,18.29906,17.19188,16.76359,16.58648,16.52721,752,301,2,373,3723431614538162176,STAR,0.000392956,3307,54970,293
1237648703511462133,201.9840644,-0.737744216,19.07474,18.05492,17.68254,17.4419,17.30675,752,301,2,390,334408797873268736,GALAXY,0.05481449,297,51959,60
1237648703510282305,199.3244416,-0.815717584,16.04225,14.93772,14.58134,14.4675,14.44013,752,301,2,372,333350243473057792,STAR,0.000196832,296,51984,305
1237648703510282290,199.2850282,-0.777091854,17.24544,16.12872,16.17245,16.23912,16.29791,752,301,2,372,3723431064782348288,STAR,0.000168985,3307,54970,291
1237648703510282273,199.2619757,-0.801566131,17.52931,16.44299,16.07379,15.93406,15.88521,752,301,2,372,332158098007418880,STAR,-0.000131647,295,51985,64
1237648703510282257,199.2349263,-0.67231664,17.52143,16.50742,16.20505,16.09862,16.03031,752,301,2,372,8394724111931430912,STAR,7.539814E-05,7456,56727,52
1237648703511527664,202.1667999,-0.747694583,18.59017,17.39731,16.83394,16.5003,16.29876,752,301,2,391,334406598850013184,GALAXY,0.07520767,297,51959,52
1237648703510216804,199.1711113,-0.670385801,18.90064,17.29995,16.72165,16.49357,16.40386,752,301,2,371,8394724386809337856,STAR,-0.000323978,7456,56727,53
1237648703510216798,199.1515468,-0.634836569,17.72763,16.7786,16.54139,16.42894,16.42911,752,301,2,371,8394725486320965632,STAR,-6.76E-05,7456,56727,57
1237648703510216786,199.1277421,-0.765351028,17.68675,16.4453,16.00829,15.84068,15.77711,752,301,2,371,8394725211443058688,STAR,7.789464E-05,7456,56727,56
1237648703510216776,199.1128122,-0.792057613,18.92668,18.01724,17.69789,17.57294,17.51819,752,301,2,371,3266239006332971008,GALAXY,0.7609182,2901,54652,12
1237648703510216764,199.0928868,-0.711272651,17.32705,16.03811,15.51668,15.2844,15.16672,752,301,2,371,3266237357065529344,STAR,0.000286315,2901,54652,6
1237648703510216748,199.0730442,-0.719758407,15.81861,14.50735,14.03135,13.86724,13.80934,752,301,2,371,3266236532431808512,STAR,-4.97E-05,2901,54652,3
1237648703510216742,199.0576565,-0.796737719,19.27338,17.80709,17.20672,16.97673,16.84363,752,301,2,371,8394725761198872576,STAR,0.000244714,7456,56727,58
1237648703510216729,199.0452358,-0.718830428,17.344,16.33422,16.03316,15.91885,15.90095,752,301,2,371,8394734007536080896,STAR,6.237394E-05,7456,56727,88
1237648703510216724,199.0401776,-0.737928685,18.33158,17.10601,17.01028,17.02842,17.00673,752,301,2,371,8394736481437243392,STAR,-0.000313025,7456,56727,97
1237648703510151280,198.9298949,-0.776007546,19.02547,17.60372,16.85884,16.43096,16.1402,752,301,2,370,333349418839336960,GALAXY,0.09115019,296,51984,302
1237648703510151224,198.9905783,-0.798527227,18.36098,17.43967,17.23236,17.13238,17.10791,752,301,2,370,8394735381925615616,STAR,0.000122275,7456,56727,93
1237648703510151220,198.9838732,-0.641064976,18.60114,16.71099,15.94607,15.66553,15.51676,752,301,2,370,8394736206559336448,STAR,5.020763E-05,7456,56727,96
1237648703510151214,198.9552748,-0.720556598,19.17744,19.11892,19.15578,18.9813,18.83607,752,301,2,370,332172666536486912,QSO,1.970377,295,51985,117
1237648703510085711,198.8801621,-0.702454611,16.92376,15.70814,15.16052,14.94738,14.85793,752,301,2,369,3266237082187622400,STAR,0.000275041,2901,54652,5
1237648703510085705,198.8739534,-0.772256865,17.43432,15.83508,15.15882,14.91592,14.75785,752,301,2,369,3266237631943436288,STAR,0.000216864,2901,54652,7
1237648703510085681,198.8236915,-0.787364235,18.47328,17.01582,16.41966,16.25575,16.16307,752,301,2,369,8394737306070964224,STAR,7.29134E-05,7456,56727,100
1237648703510085662,198.7860317,-0.748984894,17.32048,16.22532,15.80765,15.61682,15.60842,752,301,2,369,8394746377041893376,STAR,-0.000166182,7456,56727,133
1237648703509889170,198.2950359,-0.732994856,18.92354,17.53111,16.73598,16.32614,16.00741,752,301,2,366,332192732623693824,GALAXY,0.08160174,295,51985,190
1237648703509889102,198.3485851,-0.640548339,18.10612,17.09589,16.67435,16.53303,16.45879,752,301,2,366,8394769191908169728,STAR,0.0001116,7456,56727,216
1237648703509889081,198.3468286,-0.728264928,18.41062,16.93355,16.40757,16.23219,16.18282,752,301,2,366,8394768092396541952,STAR,-4.03E-05,7456,56727,212
1237648703509889064,198.327649,-0.77259686,17.5541,16.04266,15.50178,15.33011,15.2559,752,301,2,366,3266262370955061248,STAR,6.867351E-05,2901,54652,97
1237648703511789595,202.6543831,-0.758180056,18.70189,18.49526,18.39961,18.33862,18.1065,752,301,2,395,335600118654855168,QSO,2.104047,298,51955,298
1237648703511789666,202.6321857,-0.734217754,18.76121,17.17069,16.30593,15.90458,15.58173,752,301,2,395,335599019143227392,GALAXY,0.1027568,298,51955,294
1237648703509823801,198.2324321,-0.666118012,19.5814,18.60923,18.4087,18.32384,18.36103,752,301,2,365,8394768917030262784,STAR,0.000387666,7456,56727,215
1237648703509823668,198.1641943,-0.746182931,18.547,17.4983,17.0444,16.72074,16.54726,752,301,2,365,332191358234159104,GALAXY,0.08397079,295,51985,185
1237648703509823576,198.2263233,-0.694661927,18.23586,17.34536,17.09972,17.0087,16.99368,752,301,2,365,3266261821199247360,STAR,0.000126284,2901,54652,95
1237648703509823565,198.2007712,-0.654794982,17.82057,16.43625,15.92532,15.74854,15.65633,752,301,2,365,8394780461902354432,STAR,-1.82E-05,7456,56727,257
1237648703509823562,198.1950349,-0.821862272,18.20872,17.25231,16.98109,16.88739,16.84763,752,301,2,365,8394770291419797504,STAR,0.000168262,7456,56727,220
1237648703511789676,202.6486024,-0.701681415,19.09383,17.5853,16.84627,16.48191,16.19771,752,301,2,395,335599568899041280,GALAXY,0.08708939,298,51955,296
1237648703511986337,203.1267079,-0.831851751,19.41666,18.28319,18.29096,18.34413,18.41749,752,301,2,398,335587749149042688,STAR,0.000926819,298,51955,253
1237648703512117450,203.5237003,-0.628347685,19.37461,17.43898,16.49768,16.08884,15.7473,752,301,2,400,335563834771138560,GALAXY,0.0745604,298,51955,166
1237648703512183215,203.5896977,-0.741680032,18.30583,16.83492,16.30161,16.05223,15.9193,752,301,2,401,335555038678116352,GALAXY,0.02184831,298,51955,134
1237648703512314072,203.9379794,-0.788804847,19.46013,18.20664,17.49736,17.10304,16.86711,752,301,2,403,335534147957188608,GALAXY,0.1425244,298,51955,58
1237648703509168215,196.758926,-0.645780443,16.40046,14.70312,14.15227,14.00421,13.96468,752,301,2,355,3266321194827147264,STAR,-0.000124401,2901,54652,311
1237648703509168211,196.747912,-0.64963575,17.63516,16.40803,15.98817,15.83392,15.78329,752,301,2,355,3294464293998716928,GALAXY,0,2926,54625,295
1237648703509168205,196.7333221,-0.670141244,18.06413,17.12715,16.73231,16.55215,16.50472,752,301,2,355,8394842859187230720,STAR,0.000201706,7456,56727,484
1237648703511003184,200.900915,-0.728986912,18.8398,17.21512,16.43896,16.09113,15.90255,752,301,2,383,3723382411392819200,STAR,0.000255547,3307,54970,114
1237648703512707094,204.7319607,-0.801992581,18.40248,16.76351,15.96425,15.52883,15.23378,752,301,2,409,336723539895805952,GALAXY,0.08631681,299,51671,289
1237648703512707278,204.7284632,-0.716956954,19.42832,18.29324,17.58412,17.18454,16.9492,752,301,2,409,335520953817655296,GALAXY,0.1432338,298,51955,10
1237648703511003345,200.8621084,-0.699608133,19.54554,19.30945,19.39218,19.52659,19.72525,752,301,2,383,4560000819521673216,STAR,-0.002372675,4050,55599,386
1237648703511068760,201.0654404,-0.79931111,18.89638,17.53121,17.00394,16.81771,16.72793,752,301,2,384,334462399065122816,STAR,0.000273236,297,51959,255
1237648720162652398,192.9925148,-0.859319481,19.50488,18.27724,17.70707,17.35937,17.13341,756,301,1,515,328779017589123072,GALAXY,0.07102071,292,51609,59
1237648720162652349,192.9426858,-0.939505266,17.91481,16.67935,16.09998,15.75276,15.55568,756,301,1,515,328778467833309184,GALAXY,0.08221379,292,51609,57
1237648720162586831,192.8359202,-0.905975177,18.23796,16.34508,15.45705,15.05288,14.75137,756,301,1,514,328789188071680000,GALAXY,0.08318309,292,51609,96
1237648720162586814,192.8044843,-0.850289859,19.57805,18.3985,17.83779,17.48299,17.26271,756,301,1,514,328787813682145280,QSO,3.209668,292,51609,91
1237648720162586802,192.7738839,-0.948962222,19.36131,18.78701,18.31129,18.04684,18.22976,756,301,1,514,328785889536796672,GALAXY,0.1936808,292,51609,84
1237648720162586770,192.7363179,-0.96872008,19.44077,19.31905,19.20258,18.94231,18.92079,756,301,1,514,328790287583307776,QSO,1.668544,292,51609,100
1237648720162586717,192.7986977,-0.966130176,18.37451,17.35253,16.83532,16.37831,16.26353,756,301,1,514,328788363437959168,GALAXY,0.08786316,292,51609,93
1237648720161341573,189.8963056,-1.024387632,19.49472,18.10186,17.15471,16.69807,16.41495,756,301,1,495,326516228229195776,GALAXY,0.1860399,290,51941,19
1237648720161341551,189.8915141,-0.853659404,17.48298,16.25747,15.74508,15.50618,15.3182,756,301,1,495,326515953351288832,GALAXY,0.02400916,290,51941,18
1237648720161341505,189.954284,-0.981144334,17.53815,16.17993,15.65908,15.49083,15.41685,756,301,1,495,3259483330587944960,STAR,7.603927E-05,2895,54567,11
1237648720161276008,189.8493312,-1.021023475,19.34891,18.09478,17.56332,17.3426,17.2638,756,301,1,494,3259493775948408832,STAR,0.000758682,2895,54567,49
1237648720161276006,189.848643,-0.974097733,18.9056,18.0028,17.69932,17.58045,17.60035,756,301,1,494,3259496799605385216,STAR,0.000190303,2895,54567,60
1237648720160948331,189.0225336,-0.900068681,18.01573,16.73947,16.22085,15.90815,15.70134,756,301,1,489,326547839188494336,GALAXY,0.04847878,290,51941,134
1237648720160882994,188.9527639,-1.0471732,19.07164,17.92103,17.28487,16.90193,16.66314,756,301,1,488,326544540653611008,GALAXY,0.1098806,290,51941,122
1237648720160882968,188.948454,-0.965839425,18.67258,16.6174,15.50859,15.0618,14.75881,756,301,1,488,326546464798959616,GALAXY,0.1445221,290,51941,129
1237648720160882903,188.9105594,-1.044832753,17.87763,16.5623,15.99183,15.67111,15.48841,756,301,1,488,326547564310587392,GALAXY,0.0478534,290,51941,133
1237648720160882889,188.8832748,-0.946578022,19.5361,18.37469,17.45294,16.99277,16.69448,756,301,1,488,326547014554773504,GALAXY,0.1439131,290,51941,131
1237648720160882819,188.9588273,-0.894134002,17.9748,17.06512,16.67091,16.28721,16.18689,756,301,1,488,326544265775704064,GALAXY,0.0718729,290,51941,121
1237648720160817280,188.7404403,-0.905445973,19.27466,17.37255,16.42651,16.02877,15.69132,756,301,1,487,326566805764073472,GALAXY,0.1123513,290,51941,203
1237648720160489560,188.0444698,-0.966991591,17.68842,16.49186,16.59675,16.68259,16.76685,756,301,1,482,3259560846157703168,STAR,-0.000437207,2895,54567,293
1237648720160489509,187.9550563,-0.93065985,18.60549,17.54948,17.50561,17.51634,17.56652,756,301,1,482,3259559746646075392,STAR,0.000298418,2895,54567,289
1237648720163045463,193.7610689,-1.036187254,18.32043,16.74808,15.9983,15.60839,15.32572,756,301,1,521,329968140756740096,GALAXY,0.08621106,293,51689,289
1237648720163045438,193.8679154,-0.911677086,19.20939,19.06219,18.85251,18.96171,18.86309,756,301,1,521,329967041245112320,QSO,1.01248,293,51689,285
1237648720162980025,193.684502,-1.001256171,19.26317,17.18443,16.25974,15.8285,15.50708,756,301,1,520,328764174182148096,GALAXY,0.08014102,292,51609,5
1237648720162980007,193.6617922,-0.897639996,18.53286,17.02861,16.27067,15.84491,15.57503,756,301,1,520,329968415634647040,GALAXY,0.08214367,293,51689,290
1237648720162848923,193.372527,-1.013111294,19.42694,17.83784,17.05046,16.62947,16.35019,756,301,1,518,328766648083310592,GALAXY,0.1082375,292,51609,14
1237648720162717932,193.0917957,-1.006543848,19.03243,17.81692,17.28252,16.95679,16.78914,756,301,1,516,328774894420518912,GALAXY,0.0712128,292,51609,44
1237648720162717918,193.1497521,-0.867916839,18.80042,17.85289,17.45732,17.12614,16.99716,756,301,1,516,328766922961217536,GALAXY,0.07149505,292,51609,15
1237648720162717906,193.1246387,-0.997670719,18.54813,17.54676,17.12257,16.78327,16.59354,756,301,1,516,328767747594938368,GALAXY,0.06995335,292,51609,18
1237648720162717818,193.1092895,-0.925154297,18.18857,16.38734,15.53586,15.14129,14.83477,756,301,1,516,328778192955402240,GALAXY,0.07130298,292,51609,56
1237648720162717793,193.082318,-0.979937477,18.60722,16.80526,16.02937,15.542,15.37842,756,301,1,516,328777643199588352,GALAXY,0.07058822,292,51609,54
1237648720162717785,193.0594666,-0.849330715,17.637,17.23945,17.48745,17.7047,17.98046,756,301,1,516,328777093443774464,STAR,-0.000113669,292,51609,52
1237648720163111122,193.9093919,-0.958236127,19.4434,18.21607,17.74561,17.43686,17.25025,756,301,1,522,329959344663717888,GALAXY,0.04762284,293,51689,257
1237648720162652242,192.9538814,-0.898067253,19.30657,18.14087,17.52223,17.09939,16.91166,756,301,1,515,328779292467030016,GALAXY,0.08232437,292,51609,60
1237648720162652200,192.91579,-1.048360658,18.80834,18.35072,18.47738,18.58439,18.76383,756,301,1,515,328789462949586944,STAR,-8.68E-05,292,51609,97
1237648720163176454,194.0530491,-0.868663826,17.77733,16.50406,16.65345,16.78403,16.86071,756,301,1,523,329957970274183168,STAR,-0.000912148,293,51689,252
1237648720162521217,192.6119247,-0.937863175,19.31642,18.24833,17.721,17.40833,17.26675,756,301,1,513,328799358554236928,GALAXY,0.1407404,292,51609,133
1237648720162455681,192.4962849,-0.850525974,19.44239,19.01127,18.92899,18.9447,19.04185,756,301,1,512,4333601474305349632,STAR,0.000224767,3849,55274,46
1237648720162390188,192.3840742,-1.044520205,19.43506,18.59917,18.47414,18.20269,18.11547,756,301,1,511,328819149763536896,GALAXY,0.04876805,292,51609,205
1237648720162324667,192.2246426,-0.997784424,19.38608,18.21876,17.69519,17.36528,17.15398,756,301,1,510,328821073908885504,GALAXY,0.08357225,292,51609,212
1237648720162324587,192.1364267,-1.03763644,18.62739,16.64748,15.68849,15.26367,14.92507,756,301,1,510,328834268048418816,GALAXY,0.08187259,292,51609,260
1237648720162324575,192.1106277,-0.987583742,19.35065,18.23309,17.64977,17.3477,17.1447,756,301,1,510,328830144879814656,GALAXY,0.1201369,292,51609,245
1237648720162259185,192.0704612,-0.858097405,19.21475,17.30218,16.3336,15.89387,15.57364,756,301,1,509,328831244391442432,GALAXY,0.08339317,292,51609,249
1237648720162259179,192.0680453,-0.966309586,19.49504,18.08726,17.31102,16.88877,16.59524,756,301,1,509,328833168536791040,GALAXY,0.08337064,292,51609,256
1237648720162127935,191.7256361,-0.844459716,18.74219,17.83058,17.61656,17.53852,17.54088,756,301,1,507,328840865118185472,STAR,0.000265858,292,51609,284
1237648720161800281,191.0273907,-0.863451158,19.26102,18.34719,18.05905,17.96139,17.94309,756,301,1,502,4270745142317832192,STAR,6.685799E-05,3793,55214,752
1237648720161800205,190.9202304,-0.972532328,17.63725,16.65544,16.2997,16.14733,16.09544,756,301,1,502,327661369371420672,STAR,0.000213128,291,51928,89
1237648720161603818,190.6022481,-0.904735253,19.40249,18.21166,17.62963,17.27848,17.11694,756,301,1,499,327695179353974784,GALAXY,0.08330234,291,51928,212
1237648720161538234,190.4504746,-0.871439487,18.66492,17.29809,16.54661,16.07214,15.81645,756,301,1,498,327708373493508096,GALAXY,0.1007091,291,51928,260
1237648721231478789,181.633439,-0.151405609,19.558,17.50656,16.67302,16.38251,16.21925,756,301,3,440,3284281715656255488,STAR,-0.00011126,2917,54556,115
1237648721231478797,181.6540616,-0.037590508,17.86755,16.17541,15.47876,15.19889,15.04427,756,301,3,440,3256255988830857216,STAR,0.00023032,2892,54552,558
1237648721231872055,182.6418677,-0.010397448,19.30503,18.15394,17.80927,17.65613,17.69079,756,301,3,446,3722279325546946560,STAR,-0.000142878,3306,54922,197
1237648721231872184,182.648243,-0.171498926,17.54542,15.64897,14.84944,14.45058,14.14638,756,301,3,446,322016752743507968,GALAXY,0.05038764,286,51999,34
1237648721232724296,184.5137575,-0.010474963,18.6523,17.59964,17.18423,17.02569,16.92563,756,301,3,459,324377953980934144,GALAXY,0.03386848,288,52000,432
1237648721232593089,184.2863189,-0.0266523,18.75855,17.41245,16.75101,16.36639,16.11426,756,301,3,457,323297959070427136,GALAXY,0.07115396,287,52023,599
1237648721232593077,184.267557,-0.002496905,19.50614,18.35738,17.93531,17.80992,17.7728,756,301,3,457,364800118982993920,STAR,0.000204006,324,51666,31
1237648721232527531,184.141994,-0.201443762,18.65327,16.98146,16.20449,15.8265,15.54218,756,301,3,456,324334523271636992,GALAXY,0.07134468,288,52000,274
1237648721232396481,183.851793,-0.05796701,19.49726,18.16262,17.49619,17.06903,16.85509,756,301,3,454,324367233742563328,GALAXY,0.1003518,288,52000,393
1237648721232199864,183.4032856,-0.017818731,19.55412,17.51154,16.69325,16.40491,16.26477,756,301,3,451,363709127714695168,STAR,-1.46E-06,323,51615,158
1237648721232199825,183.361823,-0.096704424,18.09664,16.43545,15.73008,15.38355,15.11962,756,301,3,451,324357063260006400,GALAXY,0.0209665,288,52000,356
1237648721232199818,183.3568082,-0.145654008,19.33136,17.5988,16.63757,16.20178,15.83772,756,301,3,451,323181410837882880,GALAXY,0.1261862,287,52023,175
1237648721232199811,183.3475219,-0.04290704,19.52736,18.14386,17.58449,17.35533,17.24208,756,301,3,451,3722361514041122816,STAR,0.00095728,3306,54922,496
1237648721232199791,183.3098837,-0.169716772,19.03211,18.09056,17.61684,17.20942,17.13193,756,301,3,451,323181960593696768,GALAXY,0.1249042,287,52023,177
1237648721232199787,183.3072775,-0.008656014,19.30927,18.13647,17.47583,17.1023,16.8679,756,301,3,451,323269096890198016,GALAXY,0.1078592,287,52023,494
1237648721232068858,183.1144325,-0.107014227,19.17683,17.85856,17.14618,16.76625,16.49946,756,301,3,449,323267722500663296,GALAXY,0.0822871,287,52023,489
1237648721232068648,183.0135358,-0.182916484,18.64208,17.67903,17.39963,17.29999,17.29958,756,301,3,449,363710776982136832,STAR,0.000614349,323,51615,164
1237648721232003164,182.9634099,-0.039355436,19.40694,18.51285,18.26279,18.18207,18.1801,756,301,3,448,4329128112069826560,STAR,0.000264285,3845,55323,156
1237648721232003146,182.9548549,-0.20556234,18.53941,17.3298,16.89455,16.72797,16.7,756,301,3,448,363714075517020160,STAR,-1.93E-07,323,51615,176
1237648721232003138,182.9298202,-0.110508518,19.12935,17.60032,16.99596,16.69221,16.6509,756,301,3,448,3722273278232993792,STAR,0.000408927,3306,54922,175
1237648721232003118,182.9144351,-0.075097773,19.52966,18.56824,18.3095,18.19225,18.18075,756,301,3,448,4329144604744243200,STAR,0.000751398,3845,55323,216
1237648721232003116,182.9129443,-0.05416398,19.1554,18.13773,17.81765,17.67725,17.63511,756,301,3,448,3722272728477179904,STAR,0.000693937,3306,54922,173
1237648721232003091,182.8656768,-0.142081654,18.78389,17.58601,17.29542,17.15419,17.1351,756,301,3,448,363719573075159040,STAR,-4.65E-05,323,51615,196
1237648721231937747,182.8242017,-0.036803399,19.1663,18.48536,17.73448,17.25782,17.00974,756,301,3,447,323250405192525824,QSO,0.181084,287,52023,426
1237648721231937623,182.6762432,-0.158926208,18.01893,16.86575,16.38225,16.06381,15.82917,756,301,3,447,322017577377228800,GALAXY,0.05031296,286,51999,37
1237648721231937606,182.8156405,-0.016762301,19.47628,19.55846,19.42474,19.50665,19.49257,756,301,3,447,3722345296244613120,QSO,1.19275,3306,54922,437
1237648721231937567,182.7591765,-0.010490756,18.9157,17.35024,16.71684,16.45824,16.37366,756,301,3,447,363717923807717376,STAR,1.132928E-05,323,51615,190
1237648721231937539,182.6865954,-0.096216334,18.34734,16.6257,15.95382,15.66712,15.52455,756,301,3,447,3722277951157411840,STAR,4.102983E-05,3306,54922,192
1237648721231872163,182.6341046,-0.163571733,19.09848,17.04604,16.03856,15.61579,15.28631,756,301,3,446,322018127133042688,GALAXY,0.1165572,286,51999,39
1237648721231872137,182.5922818,-0.187124458,19.50982,18.3529,17.94853,17.81922,17.82552,756,301,3,446,3722290320663224320,STAR,-0.000181375,3306,54922,237
1237648721231872094,182.5289544,-0.045456607,18.93436,17.79901,17.20661,16.88182,16.63698,756,301,3,446,323242158855317504,GALAXY,0.1163325,287,52023,396
1237648721231806730,182.471181,-0.016016711,17.59277,16.06969,15.34179,14.95088,14.62537,756,301,3,445,323241609099503616,GALAXY,0.03513367,287,52023,394
1237648721231806703,182.4492566,-0.0107883,19.34889,17.53243,16.53734,16.07051,15.65159,756,301,3,445,323241059343689728,GALAXY,0.1168336,287,52023,392
1237648721231806602,182.4860253,-0.208934231,18.81408,17.54284,17.10079,16.9627,16.89746,756,301,3,445,363729743557715968,STAR,0.000407315,323,51615,233
1237648721231806594,182.4781669,-0.022694981,19.09726,17.42652,16.7885,16.58675,16.49568,756,301,3,445,363726445022832640,STAR,0.000219163,323,51615,221
1237648721231806484,182.3786498,-0.141353376,18.8957,17.94676,17.63062,17.50597,17.4584,756,301,3,445,322028022737692672,STAR,-0.000262917,286,51999,75
1237648721231806481,182.3782379,-0.206037009,18.91955,17.77045,17.38661,17.26598,17.2198,756,301,3,445,363730018435622912,STAR,0.000152949,323,51615,234
1237648721231741146,182.2303563,-0.125605986,19.00432,17.72352,16.94922,16.58226,16.28857,756,301,3,444,322039842487691264,GALAXY,0.1297078,286,51999,118
1237648721231741021,182.23167,-0.092488939,18.95875,17.84684,17.50808,17.29242,17.10931,756,301,3,444,322038468098156544,GALAXY,0.0404892,286,51999,113
1237648721231740989,182.366717,-0.1700102,18.50275,17.01362,16.47548,16.28242,16.19374,756,301,3,444,3256112502563432448,STAR,-5.31E-05,2892,54552,36
1237648721231740974,182.3421116,-0.095135831,18.5217,17.58948,17.35304,17.31184,17.28708,756,301,3,444,3722289221151596544,STAR,3.272687E-05,3306,54922,233
1237648721231740965,182.3241896,-0.112081144,17.15292,15.76825,15.2535,15.08189,15.02594,756,301,3,444,3256113327197153280,STAR,-6.39E-05,2892,54552,39
1237648721231740961,182.3086398,-0.106324825,18.04641,17.0864,16.77048,16.6599,16.63458,756,301,3,444,363740738673993728,STAR,0.000325807,323,51615,273
1237648721231740957,182.2981449,-0.185008797,18.655,17.27494,16.77253,16.60031,16.55066,756,301,3,444,363742113063528448,STAR,3.90045E-05,323,51615,278
1237648721231740953,182.2793774,-0.108852101,17.93566,16.44869,15.83637,15.57277,15.44171,756,301,3,444,3256112777441339392,STAR,0.000904518,2892,54552,37
1237648721231740941,182.2599271,-0.095306748,16.17373,15.22738,15.50999,15.73431,15.89533,756,301,3,444,3256113052319246336,STAR,0.000526085,2892,54552,38
1237648721231675430,182.1134308,-0.17212942,19.21225,18.97762,18.9723,19.04928,19.18528,756,301,3,443,3284271820051605504,STAR,-0.000118791,2917,54556,79
1237648721231675418,182.0897362,-0.114619913,18.53817,17.00043,16.47784,16.31188,16.21737,756,301,3,443,3256124597191337984,STAR,-0.000161112,2892,54552,80
1237648721231675411,182.0771267,-0.025653935,17.54627,15.70897,14.97895,14.6663,14.48054,756,301,3,443,3256265884435507200,STAR,2.114429E-05,2892,54552,594
1237648721231609906,182.0498856,-0.10430761,18.54795,17.25629,16.84686,16.70018,16.66661,756,301,3,442,363741013551900672,STAR,-0.000222913,323,51615,274
1237648702972297393,196.7735314,-1.176839226,16.22864,15.0852,14.46472,14.17312,13.91586,752,301,1,355,331049515425490944,GALAXY,0.01865457,294,51986,127
1237648702973149287,198.7101383,-1.140412185,17.89997,16.38725,15.86073,15.68886,15.62867,752,301,1,368,8394743903140730880,STAR,3.882425E-05,7456,56727,124
1237648702973149344,198.6923886,-1.095011708,19.48152,18.5907,18.3254,18.24135,18.1792,752,301,1,368,8394745552408172544,STAR,0.000227209,7456,56727,130
1237648702973149360,198.7206753,-1.083875584,19.47473,18.18575,17.52763,17.14837,16.8958,752,301,1,368,332153425083000832,GALAXY,0.1114584,295,51985,47
1237648702972362838,196.8323224,-1.104949522,19.49601,17.77888,16.89775,16.46239,16.14923,752,301,1,356,331048415913863168,GALAXY,0.0858928,294,51986,123
1237648702972362870,196.8718369,-1.054261149,18.47584,17.35002,16.7141,16.28406,16.05255,752,301,1,356,331037695675492352,GALAXY,0.08515193,294,51986,84
1237648702972428492,197.0478629,-1.246573646,19.00587,17.81961,17.20445,16.80983,16.60654,752,301,1,357,331041543966189568,GALAXY,0.08503134,294,51986,98
1237648702972493921,197.2337376,-1.167589003,19.04497,18.16051,17.79134,17.65719,17.60881,752,301,1,358,8394820319198861312,STAR,0.001049675,7456,56727,402
1237648702972493932,197.0885268,-1.218833127,18.4452,16.90764,16.22432,15.88036,15.62404,752,301,1,358,331036871041771520,GALAXY,0.117861,294,51986,81
1237648702972493979,197.1549234,-1.252763102,19.52571,17.74521,16.76546,16.32036,15.99769,752,301,1,358,382894512399214592,GALAXY,0.1130972,340,51990,322
1237648702972493991,197.1610344,-1.219608648,19.37938,17.4155,16.3559,15.93132,15.57422,752,301,1,358,331025875925493760,GALAXY,0.1130015,294,51986,41
1237648702972559382,197.297896,-1.209348894,16.65257,15.7098,15.49615,15.42294,15.44083,752,301,1,359,3266302228251568128,STAR,4.086982E-05,2901,54652,242
1237648702973214729,198.7460462,-1.061572312,18.26037,17.30935,17.0524,16.93751,16.88503,752,301,1,369,8394744452896544768,STAR,-7.07E-05,7456,56727,126
1237648702973214742,198.7565342,-1.194271104,18.52155,16.24318,15.33754,15.02115,14.86384,752,301,1,369,3266250551205062656,STAR,-3.80E-05,2901,54652,54
1237648702973214766,198.7895181,-1.090365305,19.19115,17.79447,17.24105,16.99481,16.8689,752,301,1,369,8394735656803522560,STAR,2.66234E-05,7456,56727,94
1237648702973214772,198.7971231,-1.200562713,18.06872,16.58392,16.04523,15.84425,15.77082,752,301,1,369,8394733457780267008,STAR,-8.15E-05,7456,56727,86
1237648702973214840,198.777927,-1.251031001,19.00992,17.14645,16.29424,15.90882,15.63426,752,301,1,369,382960483096881152,GALAXY,0.0860414,340,51990,562
1237648702973214842,198.7819158,-1.17745918,19.31598,17.85566,17.31552,17.11831,17.03493,752,301,1,369,8394732358268639232,STAR,-0.000104748,7456,56727,82
1237648702972624921,197.4237276,-1.251747287,15.96412,15.86999,16.22021,16.49445,16.7557,752,301,1,360,4563433494689372160,STAR,6.32985E-05,4053,55591,586
1237648702972624983,197.4770859,-1.227637686,18.08446,16.73622,16.19589,15.99809,15.89384,752,301,1,360,8394809873838397440,STAR,0.00029644,7456,56727,364
1237648702972625038,197.421174,-1.048259577,17.40012,15.9258,15.17839,14.82591,14.52854,752,301,1,360,331018179344099328,GALAXY,0.02443011,294,51986,13
1237648702973280444,198.9684072,-1.105445919,18.4602,17.2762,16.6543,16.25241,16.04085,752,301,1,370,332155898984163328,GALAXY,0.1104805,295,51985,56
1237648702973280497,199.027462,-1.211024011,19.45742,17.47335,16.36363,15.90819,15.58179,752,301,1,370,4563520356107966464,GALAXY,0.1399349,4053,55591,902
1237648702973345810,199.0582972,-1.068407164,19.08331,18.21164,17.94837,17.88139,17.82216,752,301,1,371,8394721638030268416,STAR,-0.000390075,7456,56727,43
1237648702972690446,197.5462076,-1.046958691,18.95832,18.0447,17.77005,17.67359,17.74159,752,301,1,361,8394810973350025216,STAR,0.000492301,7456,56727,368
1237648702972690499,197.5954381,-1.136540691,17.33787,16.3675,16.08342,15.96498,15.93136,752,301,1,361,8394812072861652992,STAR,2.043099E-05,7456,56727,372
1237648702972690514,197.6133846,-1.235459296,17.55398,16.31082,15.82231,15.63342,15.53234,752,301,1,361,332220495292295168,STAR,0.000188813,295,51985,291
1237648702973345838,199.1444924,-1.050027564,18.83347,17.69295,17.2773,17.13594,17.04587,752,301,1,371,332141055577188352,STAR,-6.34E-05,295,51985,2
1237648702972690519,197.6222765,-1.120127328,16.26088,15.3302,14.90375,14.7409,14.69645,752,301,1,361,3266290958257383424,STAR,0.000518117,2901,54652,201
1237648702972690527,197.637499,-1.214256732,19.47885,17.58269,16.7556,16.35475,16.10601,752,301,1,361,332218296269039616,GALAXY,0.08455453,295,51985,283
1237648702972690541,197.6545729,-1.162932268,18.42792,17.16193,16.68961,16.53239,16.4568,752,301,1,361,8394799428477933568,STAR,-2.24E-05,7456,56727,326
1237648702972690567,197.5855442,-1.20002973,19.47341,17.39454,16.41801,16.01307,15.76206,752,301,1,361,8394809598960490496,STAR,0.000381929,7456,56727,363
1237648702973542665,199.5594602,-1.213410922,19.09463,16.98499,16.01742,15.57427,15.2165,752,301,1,374,333332651287013376,GALAXY,0.08647148,296,51984,241
1237648702973542688,199.583391,-1.091676417,18.70113,16.9362,16.09332,15.67272,15.34809,752,301,1,374,333334300554455040,GALAXY,0.0857847,296,51984,247
1237648702973673494,199.8173346,-1.234729723,16.50125,16.24466,16.61562,16.88698,17.09321,752,301,1,376,384033601412425728,STAR,0.000735611,341,51690,370
1237648702973673528,199.849108,-1.089730761,18.14352,17.06736,16.73592,16.6132,16.58328,752,301,1,376,3723409624305606656,STAR,3.773658E-05,3307,54970,213
1237648702973673587,199.8061822,-1.247102679,19.30341,17.46814,16.57523,16.16349,15.85414,752,301,1,376,333323030560270336,GALAXY,0.08144391,296,51984,206
1237648702973673611,199.8329043,-1.074932479,19.06555,17.06481,16.05295,15.53136,15.14853,752,301,1,376,333324404949805056,GALAXY,0.08300412,296,51984,211
1237648702973673619,199.8438506,-1.129419745,17.89923,16.09698,15.27797,14.84222,14.56425,752,301,1,376,4508114861142857728,GALAXY,0.08246148,4004,55321,42
1237648702973673620,199.8386079,-1.140302186,19.15353,17.70317,16.92624,16.50699,16.23545,752,301,1,376,333300215693993984,GALAXY,0.08265019,296,51984,123
1237648702973739168,200.062696,-1.145894533,19.43883,17.36413,16.38762,15.93982,15.59172,752,301,1,377,333289495455623168,GALAXY,0.08394939,296,51984,84
1237648702973739206,199.9761646,-1.080580554,19.30993,17.75513,16.85788,16.46152,16.1431,752,301,1,377,333288945699809280,GALAXY,0.1390518,296,51984,82
1237648702973804690,200.1843183,-1.097780946,19.44256,17.46138,16.41647,15.98279,15.61421,752,301,1,378,333291144723064832,GALAXY,0.1157569,296,51984,90
1237648702973804720,200.2123273,-1.192760259,18.56663,17.41485,16.80094,16.42934,16.20301,752,301,1,378,384054492133353472,GALAXY,0.1154661,341,51690,446
1237648702973870300,200.3343542,-1.132225848,19.34652,17.49284,16.6798,16.31855,16.01687,752,301,1,379,333281249118414848,GALAXY,0.04524084,296,51984,54
1237648702974066723,200.7529196,-1.21385325,18.241,16.13558,15.2911,14.94,14.7313,752,301,1,382,3723365094084681728,STAR,0.000512457,3307,54970,51
1237648702974132393,200.9407136,-1.179906404,17.68518,16.20686,15.42145,14.98149,14.64197,752,301,1,383,334458825652332544,GALAXY,0.04452853,297,51959,242
1237648702974197883,201.0330651,-1.166314589,17.8022,16.76856,16.33308,16.02335,15.87057,752,301,1,384,334462124187215872,GALAXY,0.0830057,297,51959,254
1237648702974197913,201.0686526,-1.223108327,19.51907,18.36065,17.76809,17.42816,17.22681,752,301,1,384,334458550774425600,GALAXY,0.10514,297,51959,241
1237648720161472536,190.1710584,-0.848778524,17.29805,16.27963,15.95169,15.83239,15.80861,756,301,1,497,3259483055710038016,STAR,9.116656E-05,2895,54567,10
1237648720161407175,190.1299149,-1.011848061,19.03222,17.1346,16.26684,15.85519,15.55508,756,301,1,496,327703975446996992,GALAXY,0.07183648,291,51928,244
1237648720161407036,190.1086101,-0.907297194,17.67537,16.19639,15.69813,15.54842,15.51367,756,301,1,496,3259482505954224128,STAR,-5.91E-05,2895,54567,8
1237648720161407026,190.0963624,-0.929071749,17.52128,15.23638,14.28496,13.88576,13.66307,756,301,1,496,3259482231076317184,STAR,0.000177298,2895,54567,7
1237648720161407001,190.0392712,-0.880299353,19.13923,17.68875,17.17338,16.99162,16.92477,756,301,1,496,3259480581808875520,STAR,-4.66E-05,2895,54567,1
1237648720161406981,190.0152561,-0.879803096,17.41915,16.42438,15.9285,15.61806,15.39895,756,301,1,496,326515128717568000,GALAXY,0.04810444,290,51941,15
1237648720161341456,189.8666535,-1.030465963,17.10423,16.0898,15.70096,15.53893,15.49015,756,301,1,495,3259492401558874112,STAR,0.000298788,2895,54567,44
1237648720161275996,189.8136885,-1.040062843,19.29726,17.90809,17.3539,17.16934,17.07918,756,301,1,494,3259492126680967168,STAR,0.000245825,2895,54567,43
1237648720161275992,189.7924038,-1.001480273,18.91391,19.05355,19.46278,19.7566,20.09613,756,301,1,494,3287639624268146688,STAR,-4.09E-08,2920,54562,43
1237648720161275956,189.7337511,-0.991904006,18.36091,18.43359,18.28495,17.93138,17.9924,756,301,1,494,326512379938498560,QSO,1.845218,290,51941,5
1237648720161210549,189.6109005,-0.943990709,18.40931,16.61812,15.80478,15.41184,15.11415,756,301,1,493,326526673589659648,GALAXY,0.04824659,290,51941,57
1237648720161210537,189.598891,-0.966749455,18.07636,16.16198,15.2931,14.88043,14.58777,756,301,1,493,327717169586530304,GALAXY,0.04837527,291,51928,292
1237648720161210512,189.5740669,-0.931578023,19.48002,18.17091,17.39276,16.96967,16.71092,756,301,1,493,326526398711752704,GALAXY,0.1533802,290,51941,56
1237648720161210403,189.6137586,-0.901576965,18.93525,17.40491,16.86003,16.65816,16.56775,756,301,1,493,3259495150337943552,STAR,-8.05E-05,2895,54567,54
1237648720161210387,189.5701948,-0.949036373,19.09128,18.98842,18.79165,18.73214,18.84532,756,301,1,493,326523375054776320,QSO,1.400813,290,51941,45
1237648720161210375,189.5652263,-0.95717658,16.63203,15.60254,15.29558,15.16526,15.14934,756,301,1,493,3259492676436781056,STAR,0.000239256,2895,54567,45
1237648720161144935,189.4473356,-0.875664347,19.37955,18.12757,17.3841,16.9599,16.71194,756,301,1,492,326525024322217984,GALAXY,0.1534322,290,51941,51
1237648720161144927,189.4288263,-1.02862092,18.11036,16.84673,16.15231,15.76305,15.5006,756,301,1,492,326523649932683264,GALAXY,0.08995692,290,51941,46
1237648720161144878,189.5047342,-0.999573416,17.5384,16.01453,15.48234,15.29196,15.23082,756,301,1,492,3259494600582129664,STAR,-3.06E-05,2895,54567,52
1237648720161144851,189.4466457,-0.856484924,17.85429,15.9614,15.29499,15.07126,14.98672,756,301,1,492,3259502846919337984,STAR,-1.68E-05,2895,54567,82
1237648720161079389,189.3033657,-0.855762204,19.5419,18.37245,18.47194,18.54767,18.7255,756,301,1,491,3287651993773959168,STAR,-0.000422424,2920,54562,88
1237648720161079379,189.2998002,-0.918572546,19.16656,18.22161,17.77917,17.4606,17.30087,756,301,1,491,326536569194309632,GALAXY,0.1086536,290,51941,93
1237648720161079355,189.2653034,-0.942355881,18.66157,17.48827,16.94899,16.60272,16.41844,756,301,1,491,326537943583844352,GALAXY,0.07219684,290,51941,98
1237648720161079337,189.4006834,-0.93177996,18.30207,16.14625,15.24294,14.90959,14.73768,756,301,1,491,3259505595698407424,STAR,4.526862E-05,2895,54567,92
1237648720161079316,189.3339486,-0.912237785,18.04055,16.38263,15.70045,15.39909,15.24526,756,301,1,491,3259507519843756032,STAR,-0.000256185,2895,54567,99
1237648720161079312,189.315673,-0.925911407,18.28634,16.98007,16.47498,16.28291,16.20546,756,301,1,491,3259505870576314368,STAR,0.000132742,2895,54567,93
1237648720161079306,189.3013136,-0.882750114,18.26893,17.35262,17.11444,17.0186,17.0135,756,301,1,491,3259504221308872704,STAR,0.000930527,2895,54567,87
1237648720161013834,189.1547734,-0.848142526,19.44492,17.74008,16.88623,16.48763,16.19584,756,301,1,490,326537393828030464,GALAXY,0.1415571,290,51941,96
1237648720161013798,189.2159818,-0.995263896,17.39361,16.04275,15.51894,15.32277,15.26256,756,301,1,490,3259505320820500480,STAR,8.253103E-05,2895,54567,91
1237648720161013795,189.2133895,-1.02178589,18.25583,17.3584,17.05384,16.93917,16.92809,756,301,1,490,4332523409412216832,STAR,0.00022483,3848,55647,220
1237648720161013793,189.2081438,-0.990360079,18.87698,18.38116,18.22417,18.0362,18.02392,756,301,1,490,4253869288082135040,QSO,1.55342,3778,55213,798
1237648720161013791,189.2059635,-1.033126964,19.30637,16.92371,15.97551,15.62952,15.47207,756,301,1,490,3287653643041400832,STAR,-7.87E-05,2920,54562,94
1237648720163438632,194.7175615,-0.887806989,18.93857,18.05704,17.80384,17.70441,17.6889,756,301,1,527,4561156951602649088,STAR,1.141785E-05,4051,55337,496
1237648720160948308,189.0662739,-0.971197486,18.46235,17.4497,17.04968,16.88833,16.84466,756,301,1,489,326549213578029056,STAR,0.000527345,290,51941,139
1237648720160948285,189.0324712,-1.029259919,17.30417,15.21731,14.34759,14.02492,13.85837,756,301,1,489,3259517690326312960,STAR,-9.88E-05,2895,54567,136
1237648720160948243,188.9716482,-0.908990308,18.04629,16.70948,16.13197,15.87757,15.76762,756,301,1,489,3287665187913492480,STAR,-7.85E-05,2920,54562,136
1237648720163504137,194.8021078,-0.985954533,19.18809,18.30643,17.98208,17.87613,17.87938,756,301,1,528,4271919421189281792,STAR,-0.000198542,3794,55241,928
1237648720163504143,194.8033018,-0.887113233,18.21317,18.12084,17.89391,17.86503,17.86279,756,301,1,528,4271928767038117888,QSO,1.331455,3794,55241,962
1237648720163504151,194.8187402,-1.022860557,17.47434,16.27295,16.46242,16.61809,16.70939,756,301,1,528,329910966152095744,STAR,0.000757603,293,51689,81
1237648720160882799,188.9417145,-0.931590879,18.92858,17.96538,17.69594,17.57485,17.58385,756,301,1,488,3259515491303057408,STAR,0.000698341,2895,54567,128
1237648720160882796,188.9400119,-1.02725099,17.7759,16.82403,16.56574,16.46348,16.45228,756,301,1,488,3259513567157708800,STAR,-5.83E-05,2895,54567,121
1237648720160882764,188.9212099,-1.016291879,18.68494,17.92977,17.60232,17.23265,17.26443,756,301,1,488,326545090409424896,GALAXY,0.1441328,290,51941,124
1237648720160882748,188.9119763,-0.984051167,18.00823,16.0831,15.37052,15.12107,15.01151,756,301,1,488,3259518514960033792,STAR,-0.000103988,2895,54567,139
1237648720160817234,188.6747359,-1.009656804,19.16599,17.80487,17.13454,16.76369,16.54878,756,301,1,487,326567905275701248,GALAXY,0.0801296,290,51941,207
1237648720160817166,188.6761445,-1.028286483,17.98431,16.78263,16.3092,16.114,16.00986,756,301,1,487,3259538031291426816,STAR,-8.58E-05,2895,54567,210
1237648720160751683,188.6349601,-0.924774645,18.13777,16.603,16.03267,15.81838,15.72133,756,301,1,486,3259536931779799040,STAR,-0.000140067,2895,54567,206
1237648720160751654,188.5388843,-0.960904489,19.11915,17.45357,16.76602,16.48635,16.34777,756,301,1,486,3287685528878606336,STAR,0.000488936,2920,54562,210
1237648720160686182,188.3937032,-0.848008307,18.87644,17.8516,17.50131,17.2853,17.14959,756,301,1,485,326578900391979008,GALAXY,0.04821479,290,51941,247
1237648720160686150,188.4929269,-0.90316411,18.4243,16.98967,16.38408,16.10571,15.96528,756,301,1,485,3287696249116977152,STAR,0.00041925,2920,54562,249
1237648720160686104,188.4227179,-0.969615282,18.06134,17.14349,16.88304,16.79703,16.77721,756,301,1,485,4253823658349582336,STAR,-0.000250666,3778,55213,632
1237646381543195267,95.8435402,0.560050033,18.25515,16.49706,15.61909,15.16848,14.88882,211,301,5,366,1417654266935404544,STAR,0.000224093,1259,52931,532
1237646381543129759,95.68718817,0.568587039,18.63447,16.81266,16.2981,16.07833,15.87862,211,301,5,365,1417655091569125376,STAR,0.000105469,1259,52931,535
1237646381543129698,95.67813466,0.45029514,18.32321,16.6338,16.23536,16.06621,15.9324,211,301,5,365,1417655366447032320,STAR,0.000130363,1259,52931,536
1237646381543129429,95.62871624,0.552083069,18.25908,16.96885,16.6038,16.46867,16.32395,211,301,5,365,1417656465958660096,STAR,0.000225927,1259,52931,540
1237646381543129222,95.59307985,0.519759329,18.95968,17.4355,17.08788,16.93121,16.77718,211,301,5,365,1417655641324939264,STAR,0.000194675,1259,52931,537
1237646381543065258,95.4961657,0.588381202,19.45985,17.74878,17.23679,17.00379,16.80161,211,301,5,364,1417641347673778176,STAR,0.0001166,1259,52931,485
1237646381543064393,95.55117971,0.594169266,17.25711,15.61862,15.26411,15.12534,15.23013,211,301,5,364,1417642996941219840,STAR,0.000228585,1259,52931,491
1237646381543064354,95.54443399,0.42039417,18.66563,17.22367,16.95071,16.85968,16.81009,211,301,5,364,1417534145290070016,STAR,0.00013976,1259,52931,95
1237646381543063953,95.48341442,0.561495603,19.49383,17.83158,17.28235,17.0308,16.85097,211,301,5,364,1417641622551685120,STAR,0.000114571,1259,52931,486
1237646381543063904,95.48373556,0.528364761,19.10814,17.47881,16.89779,16.6436,16.50154,211,301,5,364,1417642722063312896,STAR,0.000179562,1259,52931,490
1237646381543063809,95.46312348,0.423128146,18.58406,17.00747,16.70864,16.62575,16.49165,211,301,5,364,1417534969923790848,STAR,0.00020581,1259,52931,98
1237646381543063592,95.43095446,0.514858133,18.69613,17.11757,16.72629,16.55408,16.39483,211,301,5,364,1417534695045883904,STAR,0.000153275,1259,52931,97
1237646381542998673,95.38906714,0.578667738,19.26527,17.52949,17.07929,16.89643,16.70403,211,301,5,363,1417639148650522624,STAR,0.000154012,1259,52931,477
1237646381542933213,95.23848776,0.522283042,18.50328,16.80843,16.37821,16.19013,16.00962,211,301,5,362,1417545965040068608,STAR,4.413321E-06,1259,52931,138
1237646381542867245,95.00262841,0.43915517,18.96944,17.39834,17.09692,16.97927,16.86172,211,301,5,361,1417545415284254720,STAR,0.000248772,1259,52931,136
1237646381542867136,94.98627545,0.462755208,19.01501,17.34647,17.01908,16.88875,16.76277,211,301,5,361,1417541566993557504,STAR,0.000158814,1259,52931,122
1237646586637123785,82.52581376,-0.159594115,17.56254,16.27703,15.92735,15.69758,15.63443,259,301,3,507,2310419783423649792,STAR,0.000143998,2052,53401,266
1237646586637189555,82.75112085,-0.134097209,19.10843,17.22146,16.47985,16.20813,16.0626,259,301,3,508,2310411811964348416,STAR,3.599084E-05,2052,53401,237
1237646586637517282,83.41759813,-0.115247631,19.4623,18.00237,17.44466,17.18726,17.06655,259,301,3,513,2310394769534117888,STAR,0.000110166,2052,53401,175
1237646586104053799,91.15440024,-0.562835999,17.55912,17.66917,18.09343,18.3891,18.71067,259,301,2,565,1406323001032468480,STAR,-0.000234223,1249,54484,269
1237646586632274269,71.48356144,-0.072018737,19.57714,19.92393,20.3055,20.62263,20.84769,259,301,3,433,897461560732051456,STAR,-7.30E-05,797,52263,434
1237646586632339501,71.55960358,-0.067915385,18.5357,17.25237,16.78203,16.60119,16.54325,259,301,3,434,897461835609958400,STAR,8.572968E-05,797,52263,435
1237646586632339687,71.68739779,-0.007231309,18.27782,17.22536,16.87999,16.7393,16.68838,259,301,3,434,897470631702980608,STAR,-3.55E-06,797,52263,467
1237646586636796495,81.85541849,-0.064043483,17.31778,16.03738,15.89335,15.88645,15.93368,259,301,3,502,2310399442458535936,GALAXY,0,2052,53401,192
1237646586636861771,81.96097593,-0.07710657,17.11362,15.87861,15.48288,15.35026,15.27169,259,301,3,503,2310432977563183104,STAR,2.851938E-06,2052,53401,314
1237646586637451455,83.27054771,-0.072855841,19.22151,17.90629,17.36145,17.11661,16.97309,259,301,3,512,2310394219778304000,STAR,0.000240744,2052,53401,173
1237646586637451525,83.29139198,-0.045622866,19.0602,17.87524,17.28617,17.03526,16.87956,259,301,3,512,2310478607295735808,STAR,0.000414406,2052,53401,480
1237646586637516847,83.41763548,-0.045805343,17.19197,15.68888,15.07164,14.72227,14.65668,259,301,3,513,2310393670022490112,STAR,0.000117249,2052,53401,171
1237646586637516849,83.4651044,-0.059212065,17.6429,16.19613,15.58324,15.31918,15.16468,259,301,3,513,2310389821731792896,STAR,0.000134486,2052,53401,157
1237646586637516855,83.48715805,-0.02167989,18.39251,17.02003,16.43709,16.18935,16.04589,259,301,3,513,2310482455586433024,STAR,4.89007E-05,2052,53401,494
1237646586638827702,86.45666573,-0.086512111,19.27971,19.2137,17.71551,18.92219,18.65953,259,301,3,533,8170727753672579072,STAR,5.106626E-06,7257,56658,262
1237646586638893582,86.58767792,-0.202594951,18.16801,17.83611,17.15799,16.79025,16.513,259,301,3,534,8170728303428392960,STAR,0.000178696,7257,56658,264
1237646586639089979,87.07052602,-0.189387405,18.29707,19.05436,17.86311,18.62256,17.6707,259,301,3,537,8170706038317930496,GALAXY,0.1815861,7257,56658,183
1237646587173404711,81.12435517,0.396091482,18.69682,17.59565,16.29555,15.03335,14.23506,259,301,4,498,8175238499202783232,STAR,3.524788E-05,7261,56603,288
1237646587173732556,81.91358368,0.306012009,17.15502,15.61279,14.92185,15.17435,14.45947,259,301,4,503,2310442598289926144,STAR,0.000268675,2052,53401,349
1237646587173732737,81.96083781,0.307202197,16.26947,15.05878,14.81036,15.46789,14.7172,259,301,4,503,2310440674144577536,STAR,7.787916E-05,2052,53401,342
1237646587173732809,81.98106755,0.265165536,15.96662,14.98182,14.67226,17.75138,14.37744,259,301,4,503,2310440949022484480,STAR,-1.16E-05,2052,53401,343
1237646587173732823,81.98492108,0.322918717,18.96279,17.51183,16.7999,16.48147,16.31169,259,301,4,503,2310441223900391424,STAR,4.1282E-05,2052,53401,344
1237646587173798138,82.10372889,0.383388667,19.23092,18.05863,17.68201,17.54277,17.52375,259,301,4,504,2310445621946902528,STAR,0.00014456,2052,53401,360
1237646587173929140,82.36983366,0.286222127,17.5366,16.29274,16.33106,16.42324,16.48264,259,301,4,506,2310456617063180288,STAR,-9.21E-05,2052,53401,400
1237646587173929197,82.39257724,0.372613134,18.93509,17.24372,16.54756,16.29378,16.16748,259,301,4,506,2310453593406203904,STAR,9.778229E-05,2052,53401,389
1237646587173994822,82.57010442,0.219387654,18.23205,16.41209,15.65359,15.36861,15.22048,259,301,4,507,2310453043650390016,STAR,0.000140728,2052,53401,387
1237646587174060295,82.70535079,0.296069727,17.46067,16.41444,16.04085,15.87154,15.80935,259,301,4,508,2310453868284110848,STAR,0.000513326,2052,53401,390
1237646587175305670,85.48080564,0.289600353,19.38519,17.68079,16.73539,16.20056,15.80572,259,301,4,527,8170798397294663680,GALAXY,0.05318839,7257,56658,519
1237646587175306089,85.59202114,0.370440381,19.56291,18.14799,17.32569,16.7966,16.46201,259,301,4,527,8170797297783035904,GALAXY,0.05301767,7257,56658,515
1237646587699462283,56.48579615,0.8435314,17.98595,16.77582,16.2295,16.00589,15.89195,259,301,5,333,1837638847656126464,STAR,0.000125238,1632,52996,619
1237646587699658835,56.90189437,0.845329738,19.23049,17.21716,16.38172,16.05841,15.88405,259,301,5,336,1721609858370791424,STAR,-0.000201317,1529,52930,396
1237646587709882380,80.22478287,0.834251389,18.12716,16.95737,16.40913,16.18926,16.05978,259,301,5,492,8175272584063244288,STAR,-1.66E-05,7261,56603,412
1237646587709882748,80.34398422,0.830512595,18.35316,17.11153,16.6132,16.39966,16.27895,259,301,5,492,8175271759429523456,STAR,0.000136039,7261,56603,409
1237646587709948212,80.5153817,0.69553319,18.35388,17.29353,16.86982,16.69375,16.61706,259,301,5,493,8175260489435338752,STAR,8.79658E-05,7261,56603,368
1237648704046760015,198.3975718,-0.254666007,17.46682,16.59725,16.39723,16.31739,16.29289,752,301,3,366,8394762869716310016,STAR,0.000204812,7456,56727,193
1237648704046760045,198.4143466,-0.412104749,18.67739,17.08638,16.43964,16.17355,16.02683,752,301,3,366,8394760945570961408,STAR,2.19927E-07,7456,56727,186
1237648704046760050,198.4168856,-0.335870616,17.88594,16.94393,16.71045,16.59647,16.59294,752,301,3,366,8394762319960496128,STAR,-7.22E-05,7456,56727,191
1237648704046760056,198.4202623,-0.305425235,18.95706,17.91488,17.84692,17.84244,17.88301,752,301,3,366,8394759571181426688,STAR,1.237495E-05,7456,56727,181
1237648704046760189,198.4122951,-0.366106395,19.40549,18.07677,17.5475,17.34606,17.24006,752,301,3,366,8394762045082589184,STAR,-3.03E-05,7456,56727,190
1237648704046760198,198.4282064,-0.3844057,18.44623,17.23412,16.67523,16.29652,16.07245,752,301,3,366,332189708966717440,GALAXY,0.09444475,295,51985,179
1237648704046825511,198.4625906,-0.391201014,17.665,16.35717,15.81744,15.60813,15.51772,752,301,3,367,8394760670693054464,STAR,-0.00013167,7456,56727,185
1237648704046825515,198.4783219,-0.210675228,17.96464,16.57678,16.05569,15.83916,15.72621,752,301,3,367,8394762594838403072,STAR,0.000242264,7456,56727,192
1237648704046825575,198.5245662,-0.301638931,17.6977,16.24204,15.6808,15.45017,15.33208,752,301,3,367,3266267593635293184,STAR,0.00022979,2901,54652,116
1237648704049447009,204.5641048,-0.398550149,17.03387,16.15782,15.87231,15.75213,15.62607,752,301,3,407,336705123076040704,GALAXY,0.02204254,299,51671,222
1237648704048332959,201.9840621,-0.302765459,19.55154,17.67778,16.75413,16.28657,15.83237,752,301,3,390,334436285663963136,GALAXY,0.04604892,297,51959,160
1237648704048201994,201.7041866,-0.226670134,19.13704,17.87099,17.23268,16.90013,16.71522,752,301,3,388,334440133954660352,GALAXY,0.08164672,297,51959,174
1237648704048201991,201.7002198,-0.320999131,19.4301,17.75789,16.91805,16.51355,16.20284,752,301,3,388,334438209809311744,GALAXY,0.08148253,297,51959,167
1237648704048201928,201.6182849,-0.290361262,19.00912,17.23706,16.31943,15.89727,15.5499,752,301,3,388,334437660053497856,GALAXY,0.08008775,297,51959,165
1237648704048136440,201.4775769,-0.411992902,18.59947,16.66589,15.75185,15.32275,15.20075,752,301,3,387,334445631512799232,GALAXY,0.0750481,297,51959,194
1237648704048070810,201.3808433,-0.36227256,19.39737,18.30337,17.55364,17.12443,16.88873,752,301,3,386,334458275896518656,GALAXY,0.1992645,297,51959,240
1237648704048070808,201.3723868,-0.220651295,18.96322,18.02035,17.63211,17.32819,17.18333,752,301,3,386,334453602972100608,GALAXY,0.09368766,297,51959,223
1237648704049643723,204.8926595,-0.276544462,19.09873,17.04296,15.86903,15.40799,15.02558,752,301,3,410,336707871855110144,GALAXY,0.1451776,299,51671,232
1237648704048005175,201.2095509,-0.41287654,18.03734,16.81516,16.29078,16.06167,15.96934,752,301,3,385,3723359596526542848,STAR,-0.000551969,3307,54970,31
1237648704047939770,201.0640521,-0.254210167,19.42767,17.15034,16.18812,15.85363,15.67382,752,301,3,384,3723370591642820608,STAR,-5.02E-05,3307,54970,71
1237648704047939756,201.0520295,-0.207180321,18.9856,17.85412,17.3103,16.962,16.76047,752,301,3,384,333277125949810688,GALAXY,0.055442,296,51984,39
1237648704047939723,200.9815468,-0.361998038,18.33855,17.2028,16.75098,16.45152,16.25284,752,301,3,384,333276301316089856,GALAXY,0.05493388,296,51984,36
1237648704047939646,201.0726847,-0.273712337,19.32541,19.29712,19.00853,19.00892,19.09515,752,301,3,384,334455252239542272,QSO,1.327018,297,51959,229
1237648704047939639,201.0515602,-0.390853456,17.27673,16.15495,15.66151,15.44007,15.33098,752,301,3,384,3723370041887006720,STAR,0.000400874,3307,54970,69
1237648704047939595,200.9905372,-0.217251534,18.73462,17.68393,17.30969,17.17425,17.11305,752,301,3,384,3723369492131192832,STAR,0.00019079,3307,54970,67
1237648704047874281,200.9546824,-0.333746559,19.11444,17.80013,17.26208,16.91233,16.6414,752,301,3,383,333284272775391232,GALAXY,0.05153014,296,51984,65
1237648704047874229,200.9126912,-0.382286154,18.16304,16.78062,16.12097,15.75355,15.48484,752,301,3,383,334466247355820032,GALAXY,0.08145296,297,51959,269
1237648704047874225,200.9008715,-0.33403359,18.90549,17.72673,17.10558,16.75495,16.53353,752,301,3,383,334466522233726976,GALAXY,0.08180794,297,51959,270
1237648704047874149,200.9702177,-0.396162168,19.19194,18.95315,19.25901,19.49667,19.64045,752,301,3,383,4560001919033300992,STAR,8.541663E-06,4050,55599,390
1237648704047874085,200.8748294,-0.254613234,17.69677,16.70937,16.30418,16.12808,16.06174,752,301,3,383,3723370866520727552,STAR,-0.000212519,3307,54970,72
1237648704047874075,200.8491084,-0.365356101,18.99327,18.4535,17.89016,17.65157,17.55261,752,301,3,383,4560002468789114880,QSO,1.391543,4050,55599,392
1237648704047808730,200.8098395,-0.220986907,19.48652,17.89166,17.12134,16.72313,16.42418,752,301,3,382,334468996134889472,GALAXY,0.08196013,297,51959,279
1237648704047808727,200.8099521,-0.315619136,19.31901,17.81679,17.05058,16.61492,16.30321,752,301,3,382,334469271012796416,GALAXY,0.0755471,297,51959,280
1237648704047808680,200.7696693,-0.284916812,18.95549,17.7053,17.10296,16.70164,16.42739,752,301,3,382,334468171501168640,GALAXY,0.08204828,297,51959,276
1237648704047808623,200.6984963,-0.231381136,18.59395,17.27432,16.64532,16.26259,16.04436,752,301,3,382,333288395943995392,GALAXY,0.08181835,296,51984,80
1237648704047808622,200.6960447,-0.229907991,19.0969,17.11544,16.17229,15.73174,15.39581,752,301,3,382,334467621745354752,GALAXY,0.08228508,297,51959,274
1237648704047808524,200.6913494,-0.212608368,18.3793,16.02547,15.08454,14.75029,14.57007,752,301,3,382,3723381861637005312,STAR,-7.13E-05,3307,54970,112
1237648704047743174,200.6611659,-0.281907779,17.46977,16.29475,15.80524,15.60191,15.49881,752,301,3,381,334464323210471424,GALAXY,0.01388197,297,51959,262
1237648704047743002,200.5831931,-0.388561975,18.76766,17.25001,16.60935,16.39825,16.28221,752,301,3,381,3723380762125377536,STAR,-3.66E-05,3307,54970,108
1237648704047677650,200.5231187,-0.25712563,19.57578,17.78184,16.91376,16.54544,16.22389,752,301,3,380,333298841304459264,GALAXY,0.07563096,296,51984,118
1237648704047677629,200.506099,-0.299292185,18.58879,17.28685,16.61623,16.26184,15.99298,752,301,3,380,334475593204656128,GALAXY,0.07432845,297,51959,303
1237648704047677628,200.5073969,-0.303995738,18.92682,17.3049,16.45185,16.04218,15.72911,752,301,3,380,333299116182366208,GALAXY,0.0744108,296,51984,119
1237648704047677608,200.471439,-0.298782501,18.51329,17.40589,16.97614,16.70949,16.54315,752,301,3,380,333297192037017600,GALAXY,0.07574287,296,51984,112
1237648704047677538,200.4804927,-0.382851266,17.29247,16.09392,15.66829,15.5446,15.48988,752,301,3,380,3723392032119562240,STAR,1.473813E-05,3307,54970,149
1237648704047677507,200.4799377,-0.313666016,18.17156,16.149,15.20604,14.82953,14.45938,752,301,3,380,333299391060273152,GALAXY,0.07402559,296,51984,120
1237648704047677462,200.3972101,-0.218255573,17.62374,16.60367,16.09615,15.67568,15.4831,752,301,3,380,333309836420737024,QSO,0.0821794,296,51984,158
1237648704047611956,200.305915,-0.295686573,18.17784,17.16136,16.74144,16.58305,16.51023,752,301,3,379,3723393406509096960,STAR,5.714973E-05,3307,54970,154
1237648704047611945,200.2931898,-0.3948391,19.46518,18.54121,18.41681,18.37251,18.37121,752,301,3,379,3723390932607934464,STAR,0.000743615,3307,54970,145
1237648704047611942,200.2859496,-0.370484223,18.75482,18.58039,18.57294,18.36787,18.45016,752,301,3,379,333314509345155072,QSO,1.585109,296,51984,175
1237648720683335776,155.9057581,-0.456405253,19.40532,17.89528,17.04847,16.59534,16.33259,756,301,2,268,306299507929278464,GALAXY,0.1602293,272,51941,199
1237648720683335838,155.9881043,-0.613968732,19.58686,18.50306,17.93245,17.56331,17.46053,756,301,2,268,306295659638581248,GALAXY,0.1701864,272,51941,185
1237648720683401246,156.1288902,-0.535290443,18.5671,18.83721,19.28554,19.5897,19.77997,756,301,2,269,4313339128785950720,STAR,0.000235696,3831,55543,60
1237648720683401359,156.1282748,-0.628824849,19.01593,17.86199,17.29808,16.90903,16.72317,756,301,2,269,306294010371139584,GALAXY,0.08413917,272,51941,179
1237648720685629588,161.1642017,-0.434453905,19.05616,17.70945,16.99192,16.54076,16.26619,756,301,2,303,309698372728547328,GALAXY,0.08539017,275,51910,276
1237648720685629571,161.1426397,-0.434574053,19.38031,18.07652,17.34212,16.86341,16.50079,756,301,2,303,308504303151114240,GALAXY,0.08483262,274,51913,28
1237648720685629545,161.255471,-0.531927477,17.47383,16.41803,16.07634,15.96205,15.90247,756,301,2,303,2881240604371609600,STAR,-0.000287019,2559,54208,228
1237648720685629523,161.2265355,-0.470463619,18.56268,17.14623,16.5559,16.29699,16.157,756,301,2,303,2881254623144863744,STAR,0.000657249,2559,54208,279
1237648720685629515,161.2107488,-0.433373886,16.23113,15.20485,14.95443,14.8674,14.86301,756,301,2,303,2881254073389049856,STAR,-0.000111743,2559,54208,277
1237648720685629498,161.1805844,-0.456397413,17.14849,15.83151,15.35753,15.18887,15.12737,756,301,2,303,2881251874365794304,STAR,0.000161562,2559,54208,269
1237648720685629451,161.1335288,-0.569857253,16.63374,15.54072,15.18744,15.06259,15.03905,756,301,2,303,2881249675342538752,STAR,0.000450099,2559,54208,261
1237648720685564127,161.0643247,-0.484587014,18.77188,17.15955,16.35564,15.94145,15.65799,756,301,2,302,308505952418555904,GALAXY,0.0603932,274,51913,34
1237648720685564032,160.996765,-0.588244892,18.38625,16.39808,15.40492,14.88012,14.50048,756,301,2,302,309692600292501504,GALAXY,0.06067357,275,51910,255
1237648720685564031,160.9981591,-0.588311672,18.1781,16.13568,15.28753,14.89827,14.56479,756,301,2,302,308503753395300352,GALAXY,0.06063098,274,51913,26
1237648720685564025,160.9911005,-0.561372535,19.58396,17.64963,16.73063,16.29203,15.94702,756,301,2,302,309691500780873728,GALAXY,0.06164807,275,51910,251
1237648720685563996,161.115243,-0.575633407,17.88776,16.52607,16.03367,15.85057,15.80518,756,301,2,302,2689848615408527360,STAR,0.000107983,2389,54213,268
1237648720685563989,161.094801,-0.452049786,17.8271,16.23793,15.67866,15.49427,15.41664,756,301,2,302,2881251324609980416,STAR,-7.84E-05,2559,54208,267
1237648720685563984,161.0900299,-0.612438382,19.26927,18.24939,17.96535,17.83665,17.80351,756,301,2,302,2892508949725079552,STAR,0.000899142,2569,54234,262
1237648720685498544,160.878832,-0.584109529,19.11186,17.90859,17.40774,17.19731,17.05761,756,301,2,301,308515848023205888,GALAXY,0.0190457,274,51913,70
1237648720685498487,160.8619387,-0.422734986,19.44424,18.23033,17.64066,17.2346,17.04825,756,301,2,301,309695898827384832,GALAXY,0.1273446,275,51910,267
1237648720685498440,160.936366,-0.421334413,19.51073,18.05851,17.59638,17.33996,17.29404,756,301,2,301,308514473633671168,GALAXY,0.03917867,274,51913,65
1237648720685498439,160.93824,-0.423246618,17.37104,15.78487,14.98982,14.58674,14.25872,756,301,2,301,309694799315757056,GALAXY,0.03910941,275,51910,263
1237648720685498405,160.8486802,-0.627079872,17.73398,16.84657,16.57527,16.48237,16.4738,756,301,2,301,2881260395580909568,STAR,0.000700168,2559,54208,300
1237648720685432926,160.7014882,-0.445422709,19.34314,18.12056,17.55584,17.19446,16.9961,756,301,2,300,309694249559943168,GALAXY,0.08592108,275,51910,261
1237648720685432904,160.8202892,-0.52224098,16.344,14.85487,14.29812,14.12055,14.08315,756,301,2,300,2881263968993699840,STAR,-4.79E-05,2559,54208,313
1237648720685432899,160.8166374,-0.557673714,17.95812,16.9013,16.52805,16.39926,16.37399,756,301,2,300,2689860710036432896,STAR,-7.66E-05,2389,54213,312
1237648720685432893,160.8121077,-0.520466085,19.42387,18.24594,18.31933,18.40867,18.52614,756,301,2,300,2892522968498333696,STAR,0.000830783,2569,54234,313
1237648720685432844,160.7303546,-0.521740212,19.13281,17.80045,17.2643,17.07242,16.98861,756,301,2,300,2881264243871606784,STAR,0.000186468,2559,54208,314
1237648720685432838,160.7170039,-0.609533502,18.44119,17.54684,17.27727,17.1878,17.20361,756,301,2,300,2881256272412305408,STAR,-0.000114203,2559,54208,285
1237648720685301915,160.4534919,-0.617038417,19.10892,17.76311,16.91794,16.47233,16.19134,756,301,2,298,308538937767389184,GALAXY,0.1383506,274,51913,154
1237648720685301897,160.4436424,-0.600549712,18.27173,17.0717,16.65145,16.39055,16.27766,756,301,2,298,308536188988319744,GALAXY,0.03641907,274,51913,144
1237648720685301891,160.4339517,-0.608481498,19.38467,18.59734,18.12431,17.74761,17.63823,756,301,2,298,309704969798313984,GALAXY,0.1321922,275,51910,300
1237648720685301865,160.3848058,-0.586704796,19.52565,19.29625,18.95885,18.52108,18.57694,756,301,2,298,309699747118082048,QSO,0.1346428,275,51910,281
1237648720685301855,160.3831151,-0.459235231,19.29157,17.3125,16.17862,15.70898,15.31378,756,301,2,298,309708818089011200,GALAXY,0.1373722,275,51910,314
1237648720685236327,160.2486687,-0.579992361,19.31804,17.30973,16.17525,15.69015,15.31261,756,301,2,297,309702495897151488,GALAXY,0.1370104,275,51910,291
1237648720685236313,160.2275468,-0.433199867,19.48611,17.93822,17.21548,16.82853,16.53911,756,301,2,297,309705244676220928,GALAXY,0.1335348,275,51910,301
1237648720685170803,160.119405,-0.61813005,19.29416,17.97134,17.26079,16.86013,16.56031,756,301,2,296,308541411668551680,GALAXY,0.08692535,274,51913,163
1237648720685170714,160.1442091,-0.489329778,18.73682,17.65075,17.23958,17.07875,17.03255,756,301,2,296,308541686546458624,STAR,0.000106767,274,51913,164
1237648720685105353,160.0351619,-0.599992669,19.31866,18.27407,17.74884,17.41618,17.24165,756,301,2,295,308547184104597504,GALAXY,0.07470067,274,51913,184
1237648720685105352,160.0342636,-0.421625751,19.2634,17.67693,16.82551,16.42307,16.13864,756,301,2,295,308551032395294720,GALAXY,0.1330486,274,51913,198
1237648720685105261,159.9393455,-0.609184323,19.48702,18.51823,18.18637,18.06704,18.05865,756,301,2,295,4315601369715464192,STAR,0.000799248,3833,55290,98
1237648720685039769,159.8475235,-0.5342664,19.38251,17.92302,17.11018,16.66492,16.34558,756,301,2,294,308547733860411392,GALAXY,0.1141676,274,51913,186
1237648720685039749,159.8033022,-0.535038616,19.26627,18.16093,17.59907,17.2172,17.06311,756,301,2,294,308557354587154432,GALAXY,0.1236402,274,51913,221
1237648720685039745,159.7978416,-0.557196466,19.19752,18.07471,17.76889,17.6148,17.49577,756,301,2,294,308559553610409984,GALAXY,0.02335118,274,51913,229
1237648720684974090,159.6249648,-0.62071445,19.19383,18.20278,17.90109,17.77634,17.74759,756,301,2,293,4245951160647964672,STAR,-0.000244743,3771,55544,664
1237648720684908689,159.5462458,-0.619904667,19.13165,17.98516,17.46714,17.13377,16.94147,756,301,2,292,308568349703432192,GALAXY,0.09500289,274,51913,261
1237648720684908580,159.5383001,-0.606245274,17.72074,16.99209,16.94836,17.08228,17.32145,756,301,2,292,308569449215059968,QSO,1.077066,274,51913,265
1237648720684908567,159.5038406,-0.620144381,19.3861,18.43715,18.10915,17.93916,17.94287,756,301,2,292,4315623909703833600,STAR,0.00076392,3833,55290,180
1237648720684843336,159.425362,-0.556108432,19.4895,17.45942,16.39634,15.88114,15.45296,756,301,2,291,308570273848780800,GALAXY,0.09432663,274,51913,268
1237648703511068840,201.0375576,-0.67415725,19.488,19.3073,19.25085,19.06239,19.10939,752,301,2,384,333274652048648192,QSO,1.45211,296,51984,30
1237648703511134403,201.2459362,-0.725447228,18.4108,17.23482,16.51678,16.1406,15.85665,752,301,2,385,334450854193031168,GALAXY,0.09894843,297,51959,213
1237648703511134425,201.2655028,-0.671991986,19.51004,18.33421,17.69753,17.3315,17.10328,752,301,2,385,334451953704658944,GALAXY,0.08564888,297,51959,217
1237648703511265544,201.512182,-0.751491594,19.01031,17.04829,16.09383,15.66923,15.33073,752,301,2,387,334429413716289536,GALAXY,0.08584159,297,51959,135
1237648703511527652,202.1559483,-0.652240982,19.11391,17.9805,17.18284,16.7886,16.52009,752,301,2,391,335601218166482944,GALAXY,0.1765474,298,51955,302
1237648703513559123,206.7980856,-0.770183129,18.6924,17.7664,17.48753,17.38595,17.35225,752,301,2,422,4552040355856668672,STAR,0.000216704,4043,55630,98
1237648703513559257,206.8064741,-0.671287487,18.3738,16.84218,16.10014,15.71413,15.41793,752,301,2,422,337840098517215232,GALAXY,0.04749686,300,51943,255
1237648703511658628,202.3400906,-0.779740244,17.79417,16.55813,16.14824,15.94632,15.81116,752,301,2,393,335598469387413504,GALAXY,0.01644879,298,51955,292